1796033
1796518
1796519
1796550
1796638
1796639
1796656
1796811
1796829
1796834
1796835
1796840
1796849
1796850
1796852
1796853
1796855
1796856
1796858
1796859
1796860
1796861
1796862
1796863
1796864
1796867
1796869
1796870
1796871
1796872
1796873
1796874
1796875
1796877
1796878
1796883
1796886
1796887
1796890
1796891
1796892
1796893
1796895
1796896
1796897
1796898
1796900
1796903
1796904
1796905
1796906
1796909
1796910
1796911
1796913
1796914
1796915
1796917
1796919
1796922
1796923
1796924
1796926
1796927
1796928
1796929
1796930
1796932
1796933
1796937
1796938
1796939
1796940
1796941
1796943
1796944
1796947
1796948
1796951
1796952
1796953
1796955
1796956
1796957
1796958
1796959
1796960
1796961
1796962
1796963
1796965
1796966
1796968
1796969
1796970
1796971
1796972
1796973
1796974
1796975
1796976
1796977
1796978
1796979
1796980
1796982
1796985
1796986
1796989
1796990
1796991
1796993
1796994
1796997
1796998
1796999
1797003
1797005
1797006
1797007
1797009
1797011
1797012
1797013
1797014
1797015
1797016
1797017
1797018
1797021
1797022
1797023
1797024
1797025
1797026
1797028
1797029
1797030
1797032
1797034
1797036
1797037
1797038
1797039
1797040
1797041
1797042
1797043
1797044
1797047
1797049
1797051
1797053
1797054
1797055
1797056
1797058
1797059
1797060
1797061
1797062
1797063
1797064
1797065
1797066
1797067
1797069
1797071
1797072
1797075
1797077
1797079
1797080
1797081
1797082
1797083
1797084
1797085
1797086
1797088
1797090
1797091
1797093
1797094
1797095
1797098
1797100
1797101
1797112
1797119
1797130
1797134
1797141
1797155
1797168
1797169
1797172
1797173
1797174
1797177
1797179
1797182
1797257
1797378
1797381
1797384
1797388
1797391
1797392
1797401
1797413
1797688
1797693
1797711
1797723
