471675
471687
471689
471690
471753
471757
471785
471791
471792
471793
471794
471796
471797
471798
471810
471819
471822
471823
471824
471826
471830
471831
471832
471833
471834
471836
471837
471840
471841
471842
471845
471847
471848
471853
471856
471857
471858
471859
471860
471861
471862
471864
471865
471868
471869
471874
471875
471876
471879
471884
471887
471888
471891
471894
471895
471897
471902
471903
471944
471957
471962
471964
471968
471969
471970
471971
471972
471973
471974
471976
471977
471979
471983
471985
471986
471987
471988
471989
471991
471992
471993
471994
471995
471998
471999
472000
472001
472002
472003
472005
472006
472007
472009
472010
472011
472012
472014
472015
472016
472018
472019
472023
472024
472025
472026
472027
472028
472029
472032
472033
472034
472035
472036
472038
472042
472043
472044
472046
472047
472051
472052
472053
472054
472055
472056
472058
472059
472060
472062
472063
472064
472065
472067
472068
472069
472070
472071
472072
472073
472074
472075
472077
472078
472079
472080
472081
472082
472083
472084
472085
472086
472088
472090
472091
472092
472093
472094
472095
472096
472097
472100
472101
472102
472104
472106
472109
472110
472111
472112
472113
472114
472115
472116
472117
472120
472121
472122
472123
472124
472125
472126
472128
472130
472131
472132
472133
472134
472135
472136
472138
472139
472140
472141
472142
472143
472144
472145
472146
472148
472149
472150
472151
472152
472153
472154
472155
472156
472157
472158
472159
472161
472163
472164
472165
472166
472167
472168
472169
472170
472172
472173
472174
472176
472177
472178
472180
472181
472182
472184
472186
472187
472188
472189
472190
472191
472192
472193
472194
472195
472196
472197
472198
472199
472200
472201
472202
472204
472205
472206
472208
472209
472210
472211
472212
472213
472214
472215
472220
472222
472223
472224
472225
472226
472227
472228
472229
472230
472231
472232
472233
472234
472235
472237
472238
472239
472241
472242
472243
472246
472247
472248
472249
472250
472251
472253
472258
472259
472260
472261
472262
472263
472264
472265
472266
472269
472270
472272
472274
472275
472276
472277
472279
472280
472281
472282
472283
472285
472287
472289
472290
472291
472293
472294
472295
472296
472297
472298
472299
472300
472301
472302
472306
472307
472308
472309
472310
472311
472313
472314
472316
472318
472319
472321
472322
472323
472324
472325
472326
472329
472330
472332
472333
472335
472337
472338
472339
472340
472342
472343
472344
472348
472349
472350
472351
472352
472353
472354
472355
472356
472357
472358
472359
472360
472361
472362
472363
472364
472366
472367
472368
472369
472370
472371
472372
472373
472374
472378
472379
472381
472382
472383
472384
472385
472387
472388
472389
472390
472391
472392
472393
472394
472395
472397
472398
472399
472400
472401
472402
472403
472404
472406
472407
472408
472409
472410
472411
472412
472413
472414
472415
472416
472417
472418
472419
472420
472422
472423
472424
472425
472427
472428
472429
472431
472432
472433
472434
472435
472436
472437
472438
472440
472441
472442
472443
472444
472445
472447
472448
472450
472451
472452
472453
472454
472455
472456
472457
472458
472459
472461
472462
472463
472464
472465
472466
472467
472468
472469
472470
472471
472473
472475
472476
472477
472478
472479
472480
472481
472482
472484
472486
472487
472488
472489
472490
472491
472492
472493
472494
472495
472496
472497
472498
472499
472500
472501
472502
472503
472504
472505
472506
472507
472508
472510
472511
472512
472513
472514
472515
472516
472517
472518
472519
472520
472521
472522
472523
472524
472525
472526
472530
472531
472532
472534
472535
472536
472537
472538
472539
472540
472541
472542
472543
472544
472545
472546
472547
472548
472549
472551
472552
472553
472554
472555
472556
472558
472559
472560
472561
472562
472568
472569
472570
472572
472573
472574
472575
472576
472578
472580
472581
472582
472584
472585
472586
472587
472588
472589
472590
472591
472592
472594
472595
472596
472597
472599
472600
472602
472603
472604
472605
472606
472607
472608
472609
472610
472611
472613
472614
472615
472616
472619
472620
472621
472622
472623
472624
472625
472626
472627
472628
472629
472630
472631
472633
472634
472635
472636
472639
472640
472641
472644
472645
472646
472648
472649
472650
472651
472653
472654
472655
472656
472657
472658
472659
472660
472661
472662
472664
472666
472667
472669
472672
472673
472674
472675
472678
472679
472680
472681
472682
472683
472684
472685
472686
472687
472688
472690
472691
472692
472693
472695
472696
472697
472698
472699
472700
472701
472702
472703
472704
472706
472707
472709
472710
472711
472712
472713
472714
472715
472716
472717
472718
472719
472720
472721
472722
472723
472724
472725
472726
472727
472728
472729
472730
472732
472733
472734
472735
472736
472737
472738
472739
472740
472741
472742
472743
472744
472745
472746
472747
472748
472749
472752
472753
472754
472755
472756
472757
472760
472761
472762
472763
472764
472765
472766
472767
472768
472770
472771
472772
472773
472774
472775
472776
472777
472778
472779
472780
472781
472782
472783
472784
472785
472786
472787
472788
472789
472790
472791
472792
472793
472794
472795
472796
472797
472798
472799
472800
472801
472802
472804
472805
472806
472807
472808
472809
472810
472811
472812
472813
472814
472815
472816
472817
472818
472820
472821
472822
472823
472824
472825
472827
472828
472829
472830
472831
472833
472834
472835
472836
472837
472839
472840
472842
472843
472844
472846
472847
472848
472850
472851
472854
472855
472856
472859
472860
472862
472863
472864
472865
472867
472868
472869
472870
472871
472874
472875
472876
472878
472880
472881
472882
472883
472884
472885
472886
472887
472888
472889
472890
472891
472892
472893
472894
472896
472897
472898
472899
472900
472901
472903
472904
472905
472906
472907
472908
472909
472910
472911
472912
472913
472914
472915
472916
472917
472918
472922
472923
472924
472925
472927
472928
472929
472930
472931
472932
472933
472934
472935
472936
472937
472938
472939
472940
472941
472942
472943
472944
472945
472949
472950
472952
472954
472955
472956
472957
472958
472959
472960
472961
472963
472965
472966
472967
472969
472970
472971
472972
472973
472975
472976
472980
472981
472982
472983
472984
472985
472987
472989
472990
472991
472992
472993
472994
472995
472996
472997
472998
472999
473000
473008
473009
473013
473014
473015
473016
473017
473020
473022
473023
473024
473025
473026
473027
473028
473029
473030
473032
473033
473034
473035
473037
473038
473039
473041
473043
473044
473045
473046
473048
473050
473052
473053
473057
473058
473059
473062
473063
473064
473066
473068
473069
473070
473071
473072
473075
473076
473077
473078
473079
473080
473081
473082
473084
473085
473086
473087
473088
473090
473091
473092
473093
473094
473095
473096
473097
473098
473099
473100
473101
473102
473103
473105
473107
473108
473109
473110
473111
473112
473113
473114
473117
473118
473122
473123
473124
473125
473126
473127
473128
473129
473130
473131
473132
473133
473134
473135
473136
473137
473138
473139
473140
473141
473142
473143
473144
473146
473147
473148
473149
473150
473151
473152
473153
473154
473155
473156
473157
473158
473159
473160
473161
473162
473163
473164
473165
473166
473167
473168
473169
473170
473171
473172
473173
473174
473175
473176
473178
473179
473180
473181
473182
473183
473184
473185
473186
473187
473188
473189
473190
473191
473192
473193
473194
473195
473196
473197
473198
473199
473200
473201
473202
473203
473204
473205
473206
473207
473208
473210
473211
473212
473213
473214
473215
473216
473217
473218
473219
473220
473221
473222
473223
473224
473225
473226
473227
473228
473229
473230
473231
473232
473233
473234
473235
473236
473237
473238
473240
473241
473242
473243
473244
473245
473246
473247
473249
473250
473251
473252
473253
473254
473255
473256
473257
473258
473260
473261
473262
473263
473264
473266
473267
473268
473269
473270
473271
473272
473274
473275
473276
473277
473278
473279
473280
473281
473282
473283
473284
473285
473286
473287
473288
473289
473290
473291
473292
473293
473294
473295
473296
473297
473298
473299
473300
473301
473302
473303
473304
473305
473306
473307
473310
473311
473312
473314
473316
473317
473318
473319
473320
473321
473322
473323
473324
473325
473326
473327
473329
473330
473331
473332
473333
473335
473336
473337
473338
473339
473341
473342
473343
473344
473345
473346
473348
473349
473350
473351
473352
473353
473354
473355
473356
473357
473358
473359
473360
473362
473364
473365
473366
473367
473368
473370
473371
473372
473373
473374
473375
473376
473377
473378
473379
473382
473383
473384
473385
473386
473387
473388
473389
473390
473391
473392
473393
473395
473396
473397
473398
473400
473401
473402
473403
473404
473406
473407
473408
473409
473410
473412
473413
473416
473417
473418
473419
473420
473421
473422
473423
473424
473425
473426
473427
473428
473429
473430
473431
473432
473433
473434
473435
473436
473437
473439
473440
473441
473442
473443
473445
473446
473447
473449
473450
473451
473453
473454
473455
473456
473457
473458
473459
473460
473461
473463
473464
473465
473466
473467
473468
473469
473470
473471
473472
473473
473474
473475
473476
473477
473479
473481
473482
473483
473484
473485
473487
473488
473489
473490
473491
473492
473493
473494
473495
473496
473499
473500
473501
473502
473503
473504
473505
473507
473508
473509
473510
473514
473515
473516
473517
473518
473519
473520
473522
473523
473524
473525
473526
473527
473528
473529
473530
473531
473532
473533
473534
473535
473536
473537
473538
473539
473540
473541
473543
473544
473545
473547
473548
473549
473550
473551
473552
473553
473554
473555
473556
473557
473558
473559
473560
473561
473562
473563
473564
473565
473566
473569
473570
473571
473573
473574
473575
473576
473577
473578
473580
473581
473583
473584
473585
473586
473587
473590
473591
473592
473594
473595
473596
473597
473598
473599
473600
473601
473602
473603
473604
473605
473606
473607
473608
473609
473610
473611
473612
473613
473615
473616
473617
473618
473619
473620
473621
473623
473624
473625
473628
473630
473631
473632
473633
473634
473635
473636
473639
473640
473641
473642
473643
473644
473647
473648
473649
473650
473651
473653
473655
473656
473657
473659
473660
473661
473662
473663
473664
473665
473666
473667
473668
473669
473670
473671
473672
473674
473675
473676
473677
473678
473679
473680
473685
473688
473689
473690
473691
473692
473693
473694
473696
473699
473700
473702
473703
473704
473705
473706
473707
473708
473709
473710
473713
473714
473717
473718
473719
473720
473721
473722
473723
473724
473725
473726
473727
473728
473729
473730
473731
473732
473734
473736
473737
473738
473739
473742
473744
473745
473746
473747
473748
473749
473750
473751
473752
473753
473754
473755
473756
473757
473758
473759
473760
473761
473762
473763
473764
473765
473766
473767
473768
473769
473770
473771
473772
473773
473774
473775
473776
473777
473778
473779
473780
473781
473782
473784
473785
473786
473787
473789
473790
473791
473792
473793
473794
473795
473796
473797
473798
473799
473800
473801
473802
473803
473804
473806
473807
473808
473809
473810
473811
473812
473813
473814
473815
473816
473817
473818
473819
473820
473821
473823
473824
473827
473829
473830
473831
473832
473833
473834
473835
473836
473840
473842
473843
473844
473845
473846
473847
473848
473849
473850
473851
473852
473853
473854
473855
473856
473857
473858
473859
473860
473861
473862
473864
473865
473866
473867
473868
473869
473870
473871
473872
473873
473874
473876
473877
473878
473879
473881
473882
473883
473884
473885
473886
473888
473890
473891
473892
473894
473896
473897
473898
473899
473900
473901
473902
473903
473904
473905
473907
473908
473909
473911
473912
473913
473914
473915
473916
473917
473918
473919
473920
473921
473922
473923
473924
473925
473926
473927
473928
473931
473933
473934
473935
473936
473937
473938
473939
473940
473941
473942
473943
473944
473945
473946
473947
473948
473949
473951
473952
473953
473954
473955
473956
473957
473958
473959
473960
473961
473962
473963
473964
473965
473966
473967
473968
473969
473970
473971
473972
473975
473976
473977
473978
473979
473980
473981
473982
473983
473984
473985
473986
473987
473988
473989
473990
473991
473992
473993
473994
473995
473996
473997
474000
474001
474002
474003
474004
474005
474006
474007
474008
474009
474011
474012
474013
474014
474015
474016
474017
474018
474019
474020
474021
474022
474023
474024
474025
474027
474028
474029
474030
474031
474034
474035
474036
474037
474038
474039
474040
474041
474042
474043
474044
474045
474046
474047
474049
474050
474051
474052
474053
474054
474055
474056
474057
474058
474059
474060
474062
474063
474064
474065
474066
474068
474069
474070
474071
474072
474073
474074
474076
474077
474078
474079
474080
474081
474082
474083
474084
474085
474086
474087
474088
474089
474090
474091
474092
474093
474095
474096
474097
474098
474099
474101
474102
474103
474104
474105
474106
474107
474108
474109
474110
474111
474112
474113
474115
474116
474117
474119
474120
474122
474123
474124
474125
474126
474127
474128
474129
474130
474131
474132
474133
474134
474135
474136
474137
474138
474139
474140
474141
474142
474144
474145
474147
474148
474149
474150
474151
474152
474153
474154
474156
474157
474158
474159
474160
474162
474163
474164
474165
474166
474167
474169
474170
474171
474172
474173
474175
474177
474178
474179
474180
474182
474184
474185
474187
474189
474190
474191
474192
474193
474194
474195
474196
474197
474199
474200
474201
474203
474204
474205
474206
474207
474208
474209
474210
474211
474212
474213
474214
474215
474216
474217
474218
474219
474220
474221
474222
474223
474224
474225
474226
474227
474228
474229
474230
474231
474232
474233
474234
474235
474236
474237
474239
474240
474241
474242
474243
474244
474245
474246
474247
474248
474249
474252
474253
474254
474255
474256
474257
474258
474259
474260
474261
474262
474263
474264
474265
474266
474267
474268
474269
474270
474273
474274
474275
474276
474277
474278
474279
474280
474281
474282
474283
474284
474285
474286
474287
474288
474289
474290
474291
474292
474293
474294
474295
474296
474297
474298
474299
474300
474301
474302
474303
474304
474305
474306
474307
474308
474309
474310
474311
474312
474313
474314
474316
474317
474318
474319
474320
474321
474323
474324
474325
474326
474328
474329
474330
474331
474333
474334
474335
474336
474337
474338
474339
474340
474341
474344
474345
474347
474348
474349
474350
474351
474352
474353
474354
474355
474356
474357
474358
474359
474360
474361
474362
474363
474364
474365
474366
474367
474368
474369
474370
474371
474372
474373
474374
474375
474376
474377
474378
474380
474381
474382
474383
474384
474385
474386
474390
474391
474392
474393
474395
474398
474399
474400
474401
474402
474404
474405
474406
474408
474409
474412
474414
474415
474417
474418
474419
474420
474421
474422
474423
474424
474425
474426
474427
474428
474429
474430
474432
474433
474435
474436
474437
474438
474439
474440
474441
474442
474443
474444
474445
474447
474451
474452
474453
474454
474455
474456
474457
474458
474459
474460
474461
474464
474465
474467
474468
474469
474470
474471
474473
474474
474475
474476
474477
474478
474479
474480
474481
474482
474483
474484
474485
474486
474487
474488
474489
474490
474491
474492
474494
474495
474496
474497
474498
474501
474502
474503
474505
474506
474509
474510
474511
474512
474514
474515
474516
474517
474518
474519
474520
474521
474522
474523
474524
474526
474527
474528
474529
474530
474531
474533
474534
474536
474537
474538
474539
474542
474543
474550
474551
474552
474553
474554
474555
474556
474557
474558
474559
474560
474561
474562
474563
474564
474565
474566
474567
474568
474569
474570
474571
474572
474573
474574
474575
474576
474577
474578
474579
474580
474581
474582
474583
474584
474585
474586
474587
474588
474589
474590
474591
474592
474593
474594
474595
474596
474598
474599
474600
474602
474603
474604
474605
474607
474608
474609
474610
474611
474612
474613
474614
474615
474617
474618
474619
474620
474621
474622
474623
474624
474625
474626
474627
474628
474629
474630
474631
474632
474633
474634
474635
474636
474637
474638
474639
474640
474641
474642
474643
474644
474649
474650
474651
474653
474654
474655
474656
474657
474658
474659
474660
474661
474664
474665
474666
474667
474668
474669
474670
474671
474672
474673
474674
474675
474676
474678
474679
474680
474681
474682
474683
474685
474686
474689
474690
474691
474692
474693
474696
474699
474700
474701
474704
474709
474710
474711
474713
474714
474715
474716
474717
474718
474719
474720
474721
474722
474724
474725
474726
474727
474730
474731
474733
474734
474735
474736
474737
474738
474739
474740
474741
474743
474744
474746
474747
474748
474749
474750
474751
474752
474753
474755
474756
474757
474760
474763
474764
474765
474766
474767
474769
474771
474772
474773
474774
474776
474778
474780
474781
474782
474784
474786
474787
474788
474792
474793
474794
474795
474797
474798
474799
474800
474801
474804
474805
474806
474807
474809
474814
474815
474816
474819
474820
474821
474822
474824
474827
474830
474834
474836
474837
474838
474840
474842
474843
474844
474845
474846
474847
474848
474849
474850
474852
474854
474855
474856
474857
474858
474860
474861
474863
474864
474865
474866
474867
474869
474871
474872
474873
474874
474875
474876
474877
474879
474881
474882
474883
474884
474886
474887
474888
474889
474890
474891
474892
474893
474894
474895
474896
474898
474900
474901
474902
474903
474905
474906
474907
474908
474910
474911
474912
474913
474914
474915
474916
474917
474918
474920
474921
474922
474923
474924
474925
474926
474927
474928
474929
474930
474931
474932
474933
474934
474935
474936
474937
474938
474939
474940
474941
474942
474943
474945
474946
474947
474948
474949
474950
474951
474952
474953
474954
474955
474956
474958
474959
474960
474962
474963
474964
474965
474966
474968
474969
474970
474971
474972
474973
474974
474975
474976
474977
474978
474979
474980
474981
474982
474983
474984
474985
474986
474988
474990
474991
474992
474993
474994
474995
474996
474997
475000
475001
475002
475003
475004
475005
475006
475007
475008
475009
475010
475011
475013
475014
475015
475016
475017
475018
475019
475020
475021
475022
475023
475024
475025
475026
475027
475028
475030
475031
475032
475033
475034
475035
475036
475037
475038
475039
475040
475041
475042
475043
475045
475046
475047
475048
475050
475051
475052
475053
475054
475055
475056
475057
475058
475059
475060
475061
475062
475064
475065
475067
475068
475069
475070
475071
475073
475078
475079
475080
475081
475082
475083
475085
475086
475087
475088
475089
475090
475093
475094
475095
475096
475097
475098
475100
475101
475102
475103
475104
475105
475106
475108
475109
475110
475111
475113
475114
475115
475116
475120
475122
475128
475129
475130
475131
475132
475133
475134
475135
475136
475138
475139
475140
475141
475142
475143
475144
475145
475146
475147
475148
475149
475150
475151
475152
475155
475156
475158
475160
475162
475163
475164
475167
475168
475171
475172
475173
475174
475175
475176
475177
475180
475181
475182
475183
475184
475185
475186
475187
475188
475189
475190
475191
475192
475193
475194
475195
475196
475197
475198
475199
475200
475201
475202
475203
475204
475205
475206
475207
475208
475209
475210
475211
475212
475213
475214
475215
475216
475217
475218
475219
475220
475221
475222
475223
475224
475225
475227
475228
475229
475231
475232
475233
475234
475235
475236
475237
475238
475239
475240
475241
475242
475244
475245
475246
475247
475248
475249
475250
475252
475253
475254
475255
475256
475257
475258
475259
475261
475262
475263
475264
475266
475267
475268
475269
475270
475271
475272
475273
475274
475275
475276
475277
475278
475279
475280
475281
475282
475283
475285
475287
475288
475289
475290
475291
475292
475293
475294
475296
475297
475298
475299
475300
475301
475302
475303
475304
475307
475308
475310
475312
475313
475314
475315
475316
475317
475318
475319
475320
475321
475322
475324
475325
475326
475327
475328
475329
475330
475331
475332
475333
475334
475335
475336
475337
475338
475339
475340
475341
475342
475343
475344
475346
475347
475348
475349
475350
475351
475353
475354
475355
475356
475357
475358
475359
475361
475362
475364
475365
475366
475367
475368
475369
475370
475371
475372
475373
475374
475376
475377
475378
475382
475383
475384
475385
475386
475387
475388
475390
475392
475393
475394
475395
475396
475397
475398
475399
475400
475401
475402
475403
475404
475405
475406
475407
475408
475409
475412
475413
475414
475415
475416
475417
475418
475419
475420
475421
475422
475423
475424
475426
475428
475429
475430
475431
475432
475433
475434
475435
475437
475438
475439
475440
475441
475442
475443
475445
475446
475447
475448
475449
475450
475451
475452
475453
475454
475455
475456
475457
475458
475459
475460
475461
475462
475463
475464
475465
475466
475467
475468
475469
475470
475471
475472
475473
475474
475475
475476
475477
475478
475479
475480
475481
475482
475483
475484
475485
475486
475487
475488
475489
475490
475491
475492
475493
475495
475496
475497
475498
475499
475500
475501
475502
475503
475504
475505
475506
475507
475508
475509
475511
475512
475514
475515
475516
475517
475519
475520
475521
475522
475523
475524
475525
475526
475527
475529
475530
475531
475532
475533
475534
475535
475537
475538
475539
475540
475541
475542
475543
475544
475545
475546
475547
475548
475549
475551
475554
475555
475557
475558
475559
475560
475561
475562
475564
475565
475568
475569
475570
475571
475572
475573
475575
475576
475580
475581
475582
475584
475585
475586
475587
475588
475590
475592
475593
475594
475595
475597
475598
475599
475601
475602
475603
475604
475605
475607
475608
475609
475611
475612
475613
475614
475615
475616
475617
475620
475621
475622
475623
475624
475625
475627
475628
475629
475630
475631
475633
475634
475635
475636
475638
475639
475640
475641
475644
475645
475647
475648
475652
475654
475655
475656
475658
475660
475662
475663
475664
475665
475666
475667
475669
475670
475671
475672
475673
475674
475675
475676
475677
475678
475679
475682
475683
475684
475690
475692
475693
475694
475695
475698
475699
475700
475701
475702
475703
475704
475705
475707
475708
475709
475710
475711
475712
475713
475714
475719
475720
475724
475725
475727
475728
475729
475730
475731
475732
475733
475736
475737
475738
475740
475741
475742
475744
475746
475747
475749
475750
475751
475753
475755
475756
475757
475759
475763
475765
475766
475767
475768
475769
475770
475771
475772
475773
475774
475775
475776
475777
475778
475779
475780
475781
475782
475784
475785
475786
475787
475789
475790
475791
475792
475793
475794
475795
475797
475798
475800
475801
475802
475803
475805
475806
475807
475809
475810
475812
475813
475814
475816
475817
475818
475819
475821
475822
475823
475825
475827
475828
475829
475830
475833
475835
475836
475837
475838
475840
475841
475842
475843
475844
475845
475846
475847
475848
475849
475850
475851
475852
475853
475854
475855
475856
475857
475858
475859
475860
475861
475862
475864
475865
475866
475867
475870
475871
475872
475873
475874
475875
475876
475879
475882
475883
475884
475885
475886
475888
475889
475890
475891
475892
475893
475895
475896
475897
475898
475899
475900
475901
475902
475903
475904
475906
475907
475908
475909
475910
475911
475913
475915
475916
475917
475919
475920
475921
475922
475923
475924
475925
475926
475927
475928
475930
475931
475932
475933
475934
475935
475936
475937
475938
475939
475940
475943
475946
475947
475948
475949
475950
475951
475953
475954
475955
475956
475957
475958
475960
475961
475962
475964
475965
475966
475967
475968
475969
475970
475971
475972
475973
475974
475975
475976
475977
475978
475979
475980
475981
475982
475983
475984
475985
475986
475987
475988
475989
475990
475991
475992
475993
475994
475995
475996
475997
475998
475999
476000
476001
476002
476003
476004
476005
476006
476007
476010
476012
476013
476014
476015
476016
476017
476018
476019
476021
476022
476023
476024
476026
476027
476028
476029
476030
476031
476032
476033
476034
476035
476036
476039
476040
476041
476042
476043
476044
476045
476048
476049
476050
476051
476052
476053
476055
476056
476057
476058
476059
476060
476061
476062
476063
476064
476066
476067
476068
476069
476070
476071
476072
476073
476074
476075
476077
476078
476079
476080
476082
476083
476085
476087
476088
476089
476090
476091
476092
476093
476094
476095
476096
476097
476099
476100
476101
476102
476103
476106
476107
476108
476109
476110
476111
476112
476113
476114
476115
476116
476118
476119
476120
476122
476123
476126
476128
476129
476132
476133
476136
476137
476140
476141
476142
476143
476144
476146
476147
476148
476149
476151
476153
476154
476158
476160
476161
476164
476165
476166
476167
476169
476170
476172
476173
476176
476178
476179
476181
476183
476186
476190
476191
476192
476194
476195
476197
476199
476202
476204
476205
476206
476207
476209
476210
476212
476213
476214
476215
476216
476218
476219
476222
476223
476224
476225
476226
476227
476228
476230
476231
476232
476233
476234
476236
476237
476238
476239
476240
476241
476242
476243
476244
476245
476246
476247
476248
476249
476250
476251
476252
476253
476254
476255
476256
476257
476258
476259
476260
476261
476262
476263
476264
476265
476266
476267
476268
476269
476270
476271
476272
476273
476274
476275
476276
476277
476278
476279
476280
476281
476282
476283
476284
476285
476286
476287
476288
476289
476290
476291
476292
476293
476294
476295
476296
476297
476298
476300
476301
476302
476303
476304
476305
476306
476307
476308
476309
476310
476311
476312
476313
476314
476315
476317
476318
476319
476320
476321
476322
476323
476324
476325
476326
476328
476331
476332
476333
476334
476335
476336
476337
476338
476340
476341
476342
476343
476344
476345
476346
476348
476349
476350
476351
476352
476353
476355
476356
476357
476358
476359
476360
476361
476362
476363
476365
476366
476367
476369
476370
476371
476372
476373
476374
476375
476376
476377
476378
476379
476380
476381
476384
476385
476386
476387
476388
476389
476390
476391
476392
476393
476394
476395
476396
476397
476398
476399
476400
476401
476402
476403
476404
476405
476406
476407
476408
476409
476410
476412
476413
476414
476415
476417
476418
476419
476420
476421
476422
476423
476424
476426
476427
476428
476429
476430
476431
476432
476433
476434
476435
476436
476437
476438
476441
476442
476443
476444
476445
476446
476447
476449
476451
476452
476454
476455
476456
476457
476458
476459
476462
476463
476464
476465
476466
476467
476468
476469
476470
476471
476472
476473
476474
476476
476477
476478
476479
476480
476481
476482
476483
476484
476485
476486
476487
476490
476491
476492
476493
476494
476495
476496
476497
476498
476500
476501
476502
476503
476504
476505
476506
476507
476508
476509
476512
476513
476514
476515
476516
476517
476518
476520
476521
476522
476523
476524
476525
476526
476528
476529
476530
476531
476532
476533
476534
476535
476536
476537
476538
476539
476540
476541
476542
476543
476544
476545
476546
476547
476548
476549
476550
476551
476552
476553
476554
476555
476556
476557
476560
476561
476562
476563
476564
476565
476566
476567
476568
476569
476570
476571
476572
476573
476574
476575
476576
476577
476578
476579
476580
476581
476582
476583
476584
476585
476586
476587
476590
476591
476594
476595
476596
476597
476598
476599
476600
476601
476602
476603
476604
476605
476608
476609
476610
476611
476613
476614
476615
476616
476619
476620
476621
476622
476623
476624
476625
476626
476627
476628
476629
476630
476631
476632
476633
476634
476635
476636
476638
476639
476640
476642
476643
476644
476645
476647
476648
476649
476650
476651
476653
476654
476658
476659
476660
476661
476663
476664
476665
476666
476667
476668
476669
476670
476671
476672
476673
476674
476675
476676
476677
476678
476680
476681
476682
476683
476684
476685
476686
476687
476688
476689
476690
476691
476692
476693
476694
476695
476696
476697
476698
476699
476700
476701
476702
476703
476704
476705
476706
476707
476709
476710
476712
476714
476716
476717
476718
476720
476721
476724
476725
476726
476727
476728
476729
476730
476731
476732
476734
476735
476737
476738
476739
476740
476741
476742
476743
476745
476746
476747
476748
476749
476750
476751
476752
476753
476755
476756
476757
476758
476760
476761
476762
476763
476766
476767
476768
476769
476770
476771
476774
476775
476776
476777
476778
476779
476780
476782
476783
476784
476786
476788
476791
476792
476793
476797
476798
476799
476800
476801
476803
476804
476805
476807
476809
476810
476811
476812
476813
476814
476817
476818
476819
476820
476821
476822
476823
476824
476826
476827
476829
476831
476835
476836
476838
476842
476843
476845
476846
476848
476849
476850
476851
476853
476854
476855
476856
476858
476859
476860
476862
476865
476866
476867
476869
476870
476871
476872
476873
476878
476879
476880
476881
476883
476885
476891
476892
476898
476899
476900
476901
476902
476905
476906
476907
476909
476910
476911
476915
476916
476917
476919
476920
476924
476926
476927
476928
476930
476931
476932
476933
476934
476939
476943
476944
476945
476946
476947
476948
476951
476952
476956
476957
476959
476963
476964
476968
476969
476971
476972
476974
476976
476977
476980
476983
476992
476997
477004
477007
477008
477009
477010
477011
477013
477015
477016
477019
477021
477023
477024
477025
477028
477029
477030
477031
477033
477034
477036
477039
477040
477043
477050
477051
477052
477053
477054
477055
477057
477058
477060
477061
477063
477064
477068
477070
477071
477073
477074
477077
477081
477082
477083
477085
477086
477089
477092
477093
477094
477095
477098
477099
477100
477101
477103
477113
477117
477118
477121
477123
477125
477127
477128
477131
477132
477138
477158
477165
477168
477171
477179
477208
477210
477216
477219
477220
477223
477225
477228
477229
477231
477233
477236
477238
477239
477240
477241
477242
477243
477244
477246
477247
477252
477253
477254
477256
477259
477260
477261
477264
477265
477266
477267
477268
477269
477270
477271
477272
477273
477274
477278
477279
477280
477281
477283
477284
477285
477286
477287
477289
477290
477291
477292
477293
477295
477297
477298
477299
477302
477306
477307
477309
477311
477314
477315
477317
477320
477321
477323
477324
477325
477326
477327
477330
477331
477342
477344
477359
477395
477401
477402
477406
477407
477409
477415
477417
477418
477419
477421
477422
477439
477443
477445
477448
477449
477450
477458
477461
477466
477467
471675
471687
471689
471690
471753
471757
471785
471791
471792
471793
471794
471796
471797
471798
471810
471819
471822
471823
471824
471826
471830
471831
471832
471833
471834
471836
471837
471840
471841
471842
471845
471847
471848
471853
471856
471857
471858
471859
471860
471861
471862
471864
471865
471868
471869
471874
471875
471876
471879
471884
471887
471888
471891
471894
471895
471897
471902
471903
471944
471957
471962
471964
471968
471969
471970
471971
471972
471973
471974
471976
471977
471979
471983
471985
471986
471987
471988
471989
471991
471992
471993
471994
471995
471998
471999
472000
472001
472002
472003
472005
472006
472007
472009
472010
472011
472012
472014
472015
472016
472018
472019
472023
472024
472025
472026
472027
472028
472029
472032
472033
472034
472035
472036
472038
472042
472043
472044
472046
472047
472051
472052
472053
472054
472055
472056
472058
472059
472060
472062
472063
472064
472065
472067
472068
472069
472070
472071
472072
472073
472074
472075
472077
472078
472079
472080
472081
472082
472083
472084
472085
472086
472088
472090
472091
472092
472093
472094
472095
472096
472097
472100
472101
472102
472104
472106
472109
472110
472111
472112
472113
472114
472115
472116
472117
472120
472121
472122
472123
472124
472125
472126
472128
472130
472131
472132
472133
472134
472135
472136
472138
472139
472140
472141
472142
472143
472144
472145
472146
472148
472149
472150
472151
472152
472153
472154
472155
472156
472157
472158
472159
472161
472163
472164
472165
472166
472167
472168
472169
472170
472172
472173
472174
472176
472177
472178
472180
472181
472182
472184
472186
472187
472188
472189
472190
472191
472192
472193
472194
472195
472196
472197
472198
472199
472200
472201
472202
472204
472205
472206
472208
472209
472210
472211
472212
472213
472214
472215
472220
472222
472223
472224
472225
472226
472227
472228
472229
472230
472231
472232
472233
472234
472235
472237
472238
472239
472241
472242
472243
472246
472247
472248
472249
472250
472251
472253
472258
472259
472260
472261
472262
472263
472264
472265
472266
472269
472270
472272
472274
472275
472276
472277
472279
472280
472281
472282
472283
472285
472287
472289
472290
472291
472293
472294
472295
472296
472297
472298
472299
472300
472301
472302
472306
472307
472308
472309
472310
472311
472313
472314
472316
472318
472319
472321
472322
472323
472324
472325
472326
472329
472330
472332
472333
472335
472337
472338
472339
472340
472342
472343
472344
472348
472349
472350
472351
472352
472353
472354
472355
472356
472357
472358
472359
472360
472361
472362
472363
472364
472366
472367
472368
472369
472370
472371
472372
472373
472374
472378
472379
472381
472382
472383
472384
472385
472387
472388
472389
472390
472391
472392
472393
472394
472395
472397
472398
472399
472400
472401
472402
472403
472404
472406
472407
472408
472409
472410
472411
472412
472413
472414
472415
472416
472417
472418
472419
472420
472422
472423
472424
472425
472427
472428
472429
472431
472432
472433
472434
472435
472436
472437
472438
472440
472441
472442
472443
472444
472445
472447
472448
472450
472451
472452
472453
472454
472455
472456
472457
472458
472459
472461
472462
472463
472464
472465
472466
472467
472468
472469
472470
472471
472473
472475
472476
472477
472478
472479
472480
472481
472482
472484
472486
472487
472488
472489
472490
472491
472492
472493
472494
472495
472496
472497
472498
472499
472500
472501
472502
472503
472504
472505
472506
472507
472508
472510
472511
472512
472513
472514
472515
472516
472517
472518
472519
472520
472521
472522
472523
472524
472525
472526
472530
472531
472532
472534
472535
472536
472537
472538
472539
472540
472541
472542
472543
472544
472545
472546
472547
472548
472549
472551
472552
472553
472554
472555
472556
472558
472559
472560
472561
472562
472568
472569
472570
472572
472573
472574
472575
472576
472578
472580
472581
472582
472584
472585
472586
472587
472588
472589
472590
472591
472592
472594
472595
472596
472597
472599
472600
472602
472603
472604
472605
472606
472607
472608
472609
472610
472611
472613
472614
472615
472616
472619
472620
472621
472622
472623
472624
472625
472626
472627
472628
472629
472630
472631
472633
472634
472635
472636
472639
472640
472641
472644
472645
472646
472648
472649
472650
472651
472653
472654
472655
472656
472657
472658
472659
472660
472661
472662
472664
472666
472667
472669
472672
472673
472674
472675
472678
472679
472680
472681
472682
472683
472684
472685
472686
472687
472688
472690
472691
472692
472693
472695
472696
472697
472698
472699
472700
472701
472702
472703
472704
472706
472707
472709
472710
472711
472712
472713
472714
472715
472716
472717
472718
472719
472720
472721
472722
472723
472724
472725
472726
472727
472728
472729
472730
472732
472733
472734
472735
472736
472737
472738
472739
472740
472741
472742
472743
472744
472745
472746
472747
472748
472749
472752
472753
472754
472755
472756
472757
472760
472761
472762
472763
472764
472765
472766
472767
472768
472770
472771
472772
472773
472774
472775
472776
472777
472778
472779
472780
472781
472782
472783
472784
472785
472786
472787
472788
472789
472790
472791
472792
472793
472794
472795
472796
472797
472798
472799
472800
472801
472802
472804
472805
472806
472807
472808
472809
472810
472811
472812
472813
472814
472815
472816
472817
472818
472820
472821
472822
472823
472824
472825
472827
472828
472829
472830
472831
472833
472834
472835
472836
472837
472839
472840
472842
472843
472844
472846
472847
472848
472850
472851
472854
472855
472856
472859
472860
472862
472863
472864
472865
472867
472868
472869
472870
472871
472874
472875
472876
472878
472880
472881
472882
472883
472884
472885
472886
472887
472888
472889
472890
472891
472892
472893
472894
472896
472897
472898
472899
472900
472901
472903
472904
472905
472906
472907
472908
472909
472910
472911
472912
472913
472914
472915
472916
472917
472918
472922
472923
472924
472925
472927
472928
472929
472930
472931
472932
472933
472934
472935
472936
472937
472938
472939
472940
472941
472942
472943
472944
472945
472949
472950
472952
472954
472955
472956
472957
472958
472959
472960
472961
472963
472965
472966
472967
472969
472970
472971
472972
472973
472975
472976
472980
472981
472982
472983
472984
472985
472987
472989
472990
472991
472992
472993
472994
472995
472996
472997
472998
472999
473000
473008
473009
473013
473014
473015
473016
473017
473020
473022
473023
473024
473025
473026
473027
473028
473029
473030
473032
473033
473034
473035
473037
473038
473039
473041
473043
473044
473045
473046
473048
473050
473052
473053
473057
473058
473059
473062
473063
473064
473066
473068
473069
473070
473071
473072
473075
473076
473077
473078
473079
473080
473081
473082
473084
473085
473086
473087
473088
473090
473091
473092
473093
473094
473095
473096
473097
473098
473099
473100
473101
473102
473103
473105
473107
473108
473109
473110
473111
473112
473113
473114
473117
473118
473122
473123
473124
473125
473126
473127
473128
473129
473130
473131
473132
473133
473134
473135
473136
473137
473138
473139
473140
473141
473142
473143
473144
473146
473147
473148
473149
473150
473151
473152
473153
473154
473155
473156
473157
473158
473159
473160
473161
473162
473163
473164
473165
473166
473167
473168
473169
473170
473171
473172
473173
473174
473175
473176
473178
473179
473180
473181
473182
473183
473184
473185
473186
473187
473188
473189
473190
473191
473192
473193
473194
473195
473196
473197
473198
473199
473200
473201
473202
473203
473204
473205
473206
473207
473208
473210
473211
473212
473213
473214
473215
473216
473217
473218
473219
473220
473221
473222
473223
473224
473225
473226
473227
473228
473229
473230
473231
473232
473233
473234
473235
473236
473237
473238
473240
473241
473242
473243
473244
473245
473246
473247
473249
473250
473251
473252
473253
473254
473255
473256
473257
473258
473260
473261
473262
473263
473264
473266
473267
473268
473269
473270
473271
473272
473274
473275
473276
473277
473278
473279
473280
473281
473282
473283
473284
473285
473286
473287
473288
473289
473290
473291
473292
473293
473294
473295
473296
473297
473298
473299
473300
473301
473302
473303
473304
473305
473306
473307
473310
473311
473312
473314
473316
473317
473318
473319
473320
473321
473322
473323
473324
473325
473326
473327
473329
473330
473331
473332
473333
473335
473336
473337
473338
473339
473341
473342
473343
473344
473345
473346
473348
473349
473350
473351
473352
473353
473354
473355
473356
473357
473358
473359
473360
473362
473364
473365
473366
473367
473368
473370
473371
473372
473373
473374
473375
473376
473377
473378
473379
473382
473383
473384
473385
473386
473387
473388
473389
473390
473391
473392
473393
473395
473396
473397
473398
473400
473401
473402
473403
473404
473406
473407
473408
473409
473410
473412
473413
473416
473417
473418
473419
473420
473421
473422
473423
473424
473425
473426
473427
473428
473429
473430
473431
473432
473433
473434
473435
473436
473437
473439
473440
473441
473442
473443
473445
473446
473447
473449
473450
473451
473453
473454
473455
473456
473457
473458
473459
473460
473461
473463
473464
473465
473466
473467
473468
473469
473470
473471
473472
473473
473474
473475
473476
473477
473479
473481
473482
473483
473484
473485
473487
473488
473489
473490
473491
473492
473493
473494
473495
473496
473499
473500
473501
473502
473503
473504
473505
473507
473508
473509
473510
473514
473515
473516
473517
473518
473519
473520
473522
473523
473524
473525
473526
473527
473528
473529
473530
473531
473532
473533
473534
473535
473536
473537
473538
473539
473540
473541
473543
473544
473545
473547
473548
473549
473550
473551
473552
473553
473554
473555
473556
473557
473558
473559
473560
473561
473562
473563
473564
473565
473566
473569
473570
473571
473573
473574
473575
473576
473577
473578
473580
473581
473583
473584
473585
473586
473587
473590
473591
473592
473594
473595
473596
473597
473598
473599
473600
473601
473602
473603
473604
473605
473606
473607
473608
473609
473610
473611
473612
473613
473615
473616
473617
473618
473619
473620
473621
473623
473624
473625
473628
473630
473631
473632
473633
473634
473635
473636
473639
473640
473641
473642
473643
473644
473647
473648
473649
473650
473651
473653
473655
473656
473657
473659
473660
473661
473662
473663
473664
473665
473666
473667
473668
473669
473670
473671
473672
473674
473675
473676
473677
473678
473679
473680
473685
473688
473689
473690
473691
473692
473693
473694
473696
473699
473700
473702
473703
473704
473705
473706
473707
473708
473709
473710
473713
473714
473717
473718
473719
473720
473721
473722
473723
473724
473725
473726
473727
473728
473729
473730
473731
473732
473734
473736
473737
473738
473739
473742
473744
473745
473746
473747
473748
473749
473750
473751
473752
473753
473754
473755
473756
473757
473758
473759
473760
473761
473762
473763
473764
473765
473766
473767
473768
473769
473770
473771
473772
473773
473774
473775
473776
473777
473778
473779
473780
473781
473782
473784
473785
473786
473787
473789
473790
473791
473792
473793
473794
473795
473796
473797
473798
473799
473800
473801
473802
473803
473804
473806
473807
473808
473809
473810
473811
473812
473813
473814
473815
473816
473817
473818
473819
473820
473821
473823
473824
473827
473829
473830
473831
473832
473833
473834
473835
473836
473840
473842
473843
473844
473845
473846
473847
473848
473849
473850
473851
473852
473853
473854
473855
473856
473857
473858
473859
473860
473861
473862
473864
473865
473866
473867
473868
473869
473870
473871
473872
473873
473874
473876
473877
473878
473879
473881
473882
473883
473884
473885
473886
473888
473890
473891
473892
473894
473896
473897
473898
473899
473900
473901
473902
473903
473904
473905
473907
473908
473909
473911
473912
473913
473914
473915
473916
473917
473918
473919
473920
473921
473922
473923
473924
473925
473926
473927
473928
473931
473933
473934
473935
473936
473937
473938
473939
473940
473941
473942
473943
473944
473945
473946
473947
473948
473949
473951
473952
473953
473954
473955
473956
473957
473958
473959
473960
473961
473962
473963
473964
473965
473966
473967
473968
473969
473970
473971
473972
473975
473976
473977
473978
473979
473980
473981
473982
473983
473984
473985
473986
473987
473988
473989
473990
473991
473992
473993
473994
473995
473996
473997
474000
474001
474002
474003
474004
474005
474006
474007
474008
474009
474011
474012
474013
474014
474015
474016
474017
474018
474019
474020
474021
474022
474023
474024
474025
474027
474028
474029
474030
474031
474034
474035
474036
474037
474038
474039
474040
474041
474042
474043
474044
474045
474046
474047
474049
474050
474051
474052
474053
474054
474055
474056
474057
474058
474059
474060
474062
474063
474064
474065
474066
474068
474069
474070
474071
474072
474073
474074
474076
474077
474078
474079
474080
474081
474082
474083
474084
474085
474086
474087
474088
474089
474090
474091
474092
474093
474095
474096
474097
474098
474099
474101
474102
474103
474104
474105
474106
474107
474108
474109
474110
474111
474112
474113
474115
474116
474117
474119
474120
474122
474123
474124
474125
474126
474127
474128
474129
474130
474131
474132
474133
474134
474135
474136
474137
474138
474139
474140
474141
474142
474144
474145
474147
474148
474149
474150
474151
474152
474153
474154
474156
474157
474158
474159
474160
474162
474163
474164
474165
474166
474167
474169
474170
474171
474172
474173
474175
474177
474178
474179
474180
474182
474184
474185
474187
474189
474190
474191
474192
474193
474194
474195
474196
474197
474199
474200
474201
474203
474204
474205
474206
474207
474208
474209
474210
474211
474212
474213
474214
474215
474216
474217
474218
474219
474220
474221
474222
474223
474224
474225
474226
474227
474228
474229
474230
474231
474232
474233
474234
474235
474236
474237
474239
474240
474241
474242
474243
474244
474245
474246
474247
474248
474249
474252
474253
474254
474255
474256
474257
474258
474259
474260
474261
474262
474263
474264
474265
474266
474267
474268
474269
474270
474273
474274
474275
474276
474277
474278
474279
474280
474281
474282
474283
474284
474285
474286
474287
474288
474289
474290
474291
474292
474293
474294
474295
474296
474297
474298
474299
474300
474301
474302
474303
474304
474305
474306
474307
474308
474309
474310
474311
474312
474313
474314
474316
474317
474318
474319
474320
474321
474323
474324
474325
474326
474328
474329
474330
474331
474333
474334
474335
474336
474337
474338
474339
474340
474341
474344
474345
474347
474348
474349
474350
474351
474352
474353
474354
474355
474356
474357
474358
474359
474360
474361
474362
474363
474364
474365
474366
474367
474368
474369
474370
474371
474372
474373
474374
474375
474376
474377
474378
474380
474381
474382
474383
474384
474385
474386
474390
474391
474392
474393
474395
474398
474399
474400
474401
474402
474404
474405
474406
474408
474409
474412
474414
474415
474417
474418
474419
474420
474421
474422
474423
474424
474425
474426
474427
474428
474429
474430
474432
474433
474435
474436
474437
474438
474439
474440
474441
474442
474443
474444
474445
474447
474451
474452
474453
474454
474455
474456
474457
474458
474459
474460
474461
474464
474465
474467
474468
474469
474470
474471
474473
474474
474475
474476
474477
474478
474479
474480
474481
474482
474483
474484
474485
474486
474487
474488
474489
474490
474491
474492
474494
474495
474496
474497
474498
474501
474502
474503
474505
474506
474509
474510
474511
474512
474514
474515
474516
474517
474518
474519
474520
474521
474522
474523
474524
474526
474527
474528
474529
474530
474531
474533
474534
474536
474537
474538
474539
474542
474543
474550
474551
474552
474553
474554
474555
474556
474557
474558
474559
474560
474561
474562
474563
474564
474565
474566
474567
474568
474569
474570
474571
474572
474573
474574
474575
474576
474577
474578
474579
474580
474581
474582
474583
474584
474585
474586
474587
474588
474589
474590
474591
474592
474593
474594
474595
474596
474598
474599
474600
474602
474603
474604
474605
474607
474608
474609
474610
474611
474612
474613
474614
474615
474617
474618
474619
474620
474621
474622
474623
474624
474625
474626
474627
474628
474629
474630
474631
474632
474633
474634
474635
474636
474637
474638
474639
474640
474641
474642
474643
474644
474649
474650
474651
474653
474654
474655
474656
474657
474658
474659
474660
474661
474664
474665
474666
474667
474668
474669
474670
474671
474672
474673
474674
474675
474676
474678
474679
474680
474681
474682
474683
474685
474686
474689
474690
474691
474692
474693
474696
474699
474700
474701
474704
474709
474710
474711
474713
474714
474715
474716
474717
474718
474719
474720
474721
474722
474724
474725
474726
474727
474730
474731
474733
474734
474735
474736
474737
474738
474739
474740
474741
474743
474744
474746
474747
474748
474749
474750
474751
474752
474753
474755
474756
474757
474760
474763
474764
474765
474766
474767
474769
474771
474772
474773
474774
474776
474778
474780
474781
474782
474784
474786
474787
474788
474792
474793
474794
474795
474797
474798
474799
474800
474801
474804
474805
474806
474807
474809
474814
474815
474816
474819
474820
474821
474822
474824
474827
474830
474834
474836
474837
474838
474840
474842
474843
474844
474845
474846
474847
474848
474849
474850
474852
474854
474855
474856
474857
474858
474860
474861
474863
474864
474865
474866
474867
474869
474871
474872
474873
474874
474875
474876
474877
474879
474881
474882
474883
474884
474886
474887
474888
474889
474890
474891
474892
474893
474894
474895
474896
474898
474900
474901
474902
474903
474905
474906
474907
474908
474910
474911
474912
474913
474914
474915
474916
474917
474918
474920
474921
474922
474923
474924
474925
474926
474927
474928
474929
474930
474931
474932
474933
474934
474935
474936
474937
474938
474939
474940
474941
474942
474943
474945
474946
474947
474948
474949
474950
474951
474952
474953
474954
474955
474956
474958
474959
474960
474962
474963
474964
474965
474966
474968
474969
474970
474971
474972
474973
474974
474975
474976
474977
474978
474979
474980
474981
474982
474983
474984
474985
474986
474988
474990
474991
474992
474993
474994
474995
474996
474997
475000
475001
475002
475003
475004
475005
475006
475007
475008
475009
475010
475011
475013
475014
475015
475016
475017
475018
475019
475020
475021
475022
475023
475024
475025
475026
475027
475028
475030
475031
475032
475033
475034
475035
475036
475037
475038
475039
475040
475041
475042
475043
475045
475046
475047
475048
475050
475051
475052
475053
475054
475055
475056
475057
475058
475059
475060
475061
475062
475064
475065
475067
475068
475069
475070
475071
475073
475078
475079
475080
475081
475082
475083
475085
475086
475087
475088
475089
475090
475093
475094
475095
475096
475097
475098
475100
475101
475102
475103
475104
475105
475106
475108
475109
475110
475111
475113
475114
475115
475116
475120
475122
475128
475129
475130
475131
475132
475133
475134
475135
475136
475138
475139
475140
475141
475142
475143
475144
475145
475146
475147
475148
475149
475150
475151
475152
475155
475156
475158
475160
475162
475163
475164
475167
475168
475171
475172
475173
475174
475175
475176
475177
475180
475181
475182
475183
475184
475185
475186
475187
475188
475189
475190
475191
475192
475193
475194
475195
475196
475197
475198
475199
475200
475201
475202
475203
475204
475205
475206
475207
475208
475209
475210
475211
475212
475213
475214
475215
475216
475217
475218
475219
475220
475221
475222
475223
475224
475225
475227
475228
475229
475231
475232
475233
475234
475235
475236
475237
475238
475239
475240
475241
475242
475244
475245
475246
475247
475248
475249
475250
475252
475253
475254
475255
475256
475257
475258
475259
475261
475262
475263
475264
475266
475267
475268
475269
475270
475271
475272
475273
475274
475275
475276
475277
475278
475279
475280
475281
475282
475283
475285
475287
475288
475289
475290
475291
475292
475293
475294
475296
475297
475298
475299
475300
475301
475302
475303
475304
475307
475308
475310
475312
475313
475314
475315
475316
475317
475318
475319
475320
475321
475322
475324
475325
475326
475327
475328
475329
475330
475331
475332
475333
475334
475335
475336
475337
475338
475339
475340
475341
475342
475343
475344
475346
475347
475348
475349
475350
475351
475353
475354
475355
475356
475357
475358
475359
475361
475362
475364
475365
475366
475367
475368
475369
475370
475371
475372
475373
475374
475376
475377
475378
475382
475383
475384
475385
475386
475387
475388
475390
475392
475393
475394
475395
475396
475397
475398
475399
475400
475401
475402
475403
475404
475405
475406
475407
475408
475409
475412
475413
475414
475415
475416
475417
475418
475419
475420
475421
475422
475423
475424
475426
475428
475429
475430
475431
475432
475433
475434
475435
475437
475438
475439
475440
475441
475442
475443
475445
475446
475447
475448
475449
475450
475451
475452
475453
475454
475455
475456
475457
475458
475459
475460
475461
475462
475463
475464
475465
475466
475467
475468
475469
475470
475471
475472
475473
475474
475475
475476
475477
475478
475479
475480
475481
475482
475483
475484
475485
475486
475487
475488
475489
475490
475491
475492
475493
475495
475496
475497
475498
475499
475500
475501
475502
475503
475504
475505
475506
475507
475508
475509
475511
475512
475514
475515
475516
475517
475519
475520
475521
475522
475523
475524
475525
475526
475527
475529
475530
475531
475532
475533
475534
475535
475537
475538
475539
475540
475541
475542
475543
475544
475545
475546
475547
475548
475549
475551
475554
475555
475557
475558
475559
475560
475561
475562
475564
475565
475568
475569
475570
475571
475572
475573
475575
475576
475580
475581
475582
475584
475585
475586
475587
475588
475590
475592
475593
475594
475595
475597
475598
475599
475601
475602
475603
475604
475605
475607
475608
475609
475611
475612
475613
475614
475615
475616
475617
475620
475621
475622
475623
475624
475625
475627
475628
475629
475630
475631
475633
475634
475635
475636
475638
475639
475640
475641
475644
475645
475647
475648
475652
475654
475655
475656
475658
475660
475662
475663
475664
475665
475666
475667
475669
475670
475671
475672
475673
475674
475675
475676
475677
475678
475679
475682
475683
475684
475690
475692
475693
475694
475695
475698
475699
475700
475701
475702
475703
475704
475705
475707
475708
475709
475710
475711
475712
475713
475714
475719
475720
475724
475725
475727
475728
475729
475730
475731
475732
475733
475736
475737
475738
475740
475741
475742
475744
475746
475747
475749
475750
475751
475753
475755
475756
475757
475759
475763
475765
475766
475767
475768
475769
475770
475771
475772
475773
475774
475775
475776
475777
475778
475779
475780
475781
475782
475784
475785
475786
475787
475789
475790
475791
475792
475793
475794
475795
475797
475798
475800
475801
475802
475803
475805
475806
475807
475809
475810
475812
475813
475814
475816
475817
475818
475819
475821
475822
475823
475825
475827
475828
475829
475830
475833
475835
475836
475837
475838
475840
475841
475842
475843
475844
475845
475846
475847
475848
475849
475850
475851
475852
475853
475854
475855
475856
475857
475858
475859
475860
475861
475862
475864
475865
475866
475867
475870
475871
475872
475873
475874
475875
475876
475879
475882
475883
475884
475885
475886
475888
475889
475890
475891
475892
475893
475895
475896
475897
475898
475899
475900
475901
475902
475903
475904
475906
475907
475908
475909
475910
475911
475913
475915
475916
475917
475919
475920
475921
475922
475923
475924
475925
475926
475927
475928
475930
475931
475932
475933
475934
475935
475936
475937
475938
475939
475940
475943
475946
475947
475948
475949
475950
475951
475953
475954
475955
475956
475957
475958
475960
475961
475962
475964
475965
475966
475967
475968
475969
475970
475971
475972
475973
475974
475975
475976
475977
475978
475979
475980
475981
475982
475983
475984
475985
475986
475987
475988
475989
475990
475991
475992
475993
475994
475995
475996
475997
475998
475999
476000
476001
476002
476003
476004
476005
476006
476007
476010
476012
476013
476014
476015
476016
476017
476018
476019
476021
476022
476023
476024
476026
476027
476028
476029
476030
476031
476032
476033
476034
476035
476036
476039
476040
476041
476042
476043
476044
476045
476048
476049
476050
476051
476052
476053
476055
476056
476057
476058
476059
476060
476061
476062
476063
476064
476066
476067
476068
476069
476070
476071
476072
476073
476074
476075
476077
476078
476079
476080
476082
476083
476085
476087
476088
476089
476090
476091
476092
476093
476094
476095
476096
476097
476099
476100
476101
476102
476103
476106
476107
476108
476109
476110
476111
476112
476113
476114
476115
476116
476118
476119
476120
476122
476123
476126
476128
476129
476132
476133
476136
476137
476140
476141
476142
476143
476144
476146
476147
476148
476149
476151
476153
476154
476158
476160
476161
476164
476165
476166
476167
476169
476170
476172
476173
476176
476178
476179
476181
476183
476186
476190
476191
476192
476194
476195
476197
476199
476202
476204
476205
476206
476207
476209
476210
476212
476213
476214
476215
476216
476218
476219
476222
476223
476224
476225
476226
476227
476228
476230
476231
476232
476233
476234
476236
476237
476238
476239
476240
476241
476242
476243
476244
476245
476246
476247
476248
476249
476250
476251
476252
476253
476254
476255
476256
476257
476258
476259
476260
476261
476262
476263
476264
476265
476266
476267
476268
476269
476270
476271
476272
476273
476274
476275
476276
476277
476278
476279
476280
476281
476282
476283
476284
476285
476286
476287
476288
476289
476290
476291
476292
476293
476294
476295
476296
476297
476298
476300
476301
476302
476303
476304
476305
476306
476307
476308
476309
476310
476311
476312
476313
476314
476315
476317
476318
476319
476320
476321
476322
476323
476324
476325
476326
476328
476331
476332
476333
476334
476335
476336
476337
476338
476340
476341
476342
476343
476344
476345
476346
476348
476349
476350
476351
476352
476353
476355
476356
476357
476358
476359
476360
476361
476362
476363
476365
476366
476367
476369
476370
476371
476372
476373
476374
476375
476376
476377
476378
476379
476380
476381
476384
476385
476386
476387
476388
476389
476390
476391
476392
476393
476394
476395
476396
476397
476398
476399
476400
476401
476402
476403
476404
476405
476406
476407
476408
476409
476410
476412
476413
476414
476415
476417
476418
476419
476420
476421
476422
476423
476424
476426
476427
476428
476429
476430
476431
476432
476433
476434
476435
476436
476437
476438
476441
476442
476443
476444
476445
476446
476447
476449
476451
476452
476454
476455
476456
476457
476458
476459
476462
476463
476464
476465
476466
476467
476468
476469
476470
476471
476472
476473
476474
476476
476477
476478
476479
476480
476481
476482
476483
476484
476485
476486
476487
476490
476491
476492
476493
476494
476495
476496
476497
476498
476500
476501
476502
476503
476504
476505
476506
476507
476508
476509
476512
476513
476514
476515
476516
476517
476518
476520
476521
476522
476523
476524
476525
476526
476528
476529
476530
476531
476532
476533
476534
476535
476536
476537
476538
476539
476540
476541
476542
476543
476544
476545
476546
476547
476548
476549
476550
476551
476552
476553
476554
476555
476556
476557
476560
476561
476562
476563
476564
476565
476566
476567
476568
476569
476570
476571
476572
476573
476574
476575
476576
476577
476578
476579
476580
476581
476582
476583
476584
476585
476586
476587
476590
476591
476594
476595
476596
476597
476598
476599
476600
476601
476602
476603
476604
476605
476608
476609
476610
476611
476613
476614
476615
476616
476619
476620
476621
476622
476623
476624
476625
476626
476627
476628
476629
476630
476631
476632
476633
476634
476635
476636
476638
476639
476640
476642
476643
476644
476645
476647
476648
476649
476650
476651
476653
476654
476658
476659
476660
476661
476663
476664
476665
476666
476667
476668
476669
476670
476671
476672
476673
476674
476675
476676
476677
476678
476680
476681
476682
476683
476684
476685
476686
476687
476688
476689
476690
476691
476692
476693
476694
476695
476696
476697
476698
476699
476700
476701
476702
476703
476704
476705
476706
476707
476709
476710
476712
476714
476716
476717
476718
476720
476721
476724
476725
476726
476727
476728
476729
476730
476731
476732
476734
476735
476737
476738
476739
476740
476741
476742
476743
476745
476746
476747
476748
476749
476750
476751
476752
476753
476755
476756
476757
476758
476760
476761
476762
476763
476766
476767
476768
476769
476770
476771
476774
476775
476776
476777
476778
476779
476780
476782
476783
476784
476786
476788
476791
476792
476793
476797
476798
476799
476800
476801
476803
476804
476805
476807
476809
476810
476811
476812
476813
476814
476817
476818
476819
476820
476821
476822
476823
476824
476826
476827
476829
476831
476835
476836
476838
476842
476843
476845
476846
476848
476849
476850
476851
476853
476854
476855
476856
476858
476859
476860
476862
476865
476866
476867
476869
476870
476871
476872
476873
476878
476879
476880
476881
476883
476885
476891
476892
476898
476899
476900
476901
476902
476905
476906
476907
476909
476910
476911
476915
476916
476917
476919
476920
476924
476926
476927
476928
476930
476931
476932
476933
476934
476939
476943
476944
476945
476946
476947
476948
476951
476952
476956
476957
476959
476963
476964
476968
476969
476971
476972
476974
476976
476977
476980
476983
476992
476997
477004
477007
477008
477009
477010
477011
477013
477015
477016
477019
477021
477023
477024
477025
477028
477029
477030
477031
477033
477034
477036
477039
477040
477043
477050
477051
477052
477053
477054
477055
477057
477058
477060
477061
477063
477064
477068
477070
477071
477073
477074
477077
477081
477082
477083
477085
477086
477089
477092
477093
477094
477095
477098
477099
477100
477101
477103
477113
477117
477118
477121
477123
477125
477127
477128
477131
477132
477138
477158
477165
477168
477171
477179
477208
477210
477216
477219
477220
477223
477225
477228
477229
477231
477233
477236
477238
477239
477240
477241
477242
477243
477244
477246
477247
477252
477253
477254
477256
477259
477260
477261
477264
477265
477266
477267
477268
477269
477270
477271
477272
477273
477274
477278
477279
477280
477281
477283
477284
477285
477286
477287
477289
477290
477291
477292
477293
477295
477297
477298
477299
477302
477306
477307
477309
477311
477314
477315
477317
477320
477321
477323
477324
477325
477326
477327
477330
477331
477342
477344
477359
477395
477401
477402
477406
477407
477409
477415
477417
477418
477419
477421
477422
477439
477443
477445
477448
477449
477450
477458
477461
477466
477467
