153 11.386020 11.414814 12.975460 11.519053
2935 10.849602 11.200382 11.900065 11.362234
9772 11.014709 11.053811 12.440566 11.211739
991 10.416489 10.680179 11.896850 10.901563
7992 10.244084 10.629899 11.978579 10.734675
3218 10.155416 10.551086 11.911799 10.656734
37804 9.891782 10.521525 11.848359 10.609833
67626 10.360928 10.466124 12.019088 10.675468
1070 10.175499 10.509153 11.730600 10.635565
49284 10.201085 10.394843 11.608438 10.554416
85519 9.987613 10.312290 11.865620 10.436404
18887 10.118986 10.343791 11.445337 10.407951
2597 9.839146 10.349208 11.886829 10.642060
16712 10.235379 10.257124 11.546381 10.332412
6220 9.621935 10.372690 12.022750 10.722157
829 10.108645 10.194055 11.738616 10.346143
9341 9.853503 10.238868 11.580998 10.434964
62676 9.694717 10.199010 11.698232 10.371730
15666 10.104042 10.141172 11.761421 10.274882
65599 9.897669 10.074963 11.424290 10.227074
75025 9.391987 10.145976 11.570615 10.375982
10887 9.960419 10.058266 11.360470 10.198885
12040 9.853503 9.936984 11.695581 10.187457
3761 9.565230 9.981294 11.236915 10.196654
5549 9.854092 9.860072 11.273942 9.997596
27699 9.408693 9.946186 11.649939 10.243567
10008 9.728957 9.825845 11.202114 10.070469
42042 9.527026 9.876159 11.420367 10.173324
15346 9.672976 9.816401 11.669744 10.115316
2373 9.317885 9.801281 11.553837 10.156832
17576 8.189568 9.808640 11.218976 10.294265
626 9.557156 9.684464 11.396072 10.152931
114570 9.128462 9.685281 11.577991 9.957593
82811 9.279913 9.562074 11.702651 9.942770
182645 9.441813 9.464003 11.313929 9.960000
130 8.189568 9.418462 12.382313 10.496282
73788 8.924967 9.382041 11.436850 9.951880
5300 9.109299 9.426702 11.614285 10.296134
42134 8.215896 9.426453 11.514698 10.058390
15976 9.131575 9.192527 11.189540 9.705333
78896 9.022874 9.191758 11.408037 9.815628
4975 8.447845 9.020217 11.259744 9.781838
2016 8.099390 8.138523 11.080128 9.681529
8349 10.532976 10.555607 11.739619 10.602013
14824 9.994898 10.540975 12.381531 10.827259
56882 10.285172 10.451143 11.550917 10.517689
27653 8.909726 10.138543 11.859865 10.660477
100491 9.192273 9.876329 11.360122 10.117826
220259 9.371054 9.839123 11.466474 10.151275
65982 9.485134 9.750933 11.333888 10.067812
78778 8.503961 8.618074 11.315557 9.875454
24178 10.447695 10.628457 12.034541 10.836012
9800 9.971322 10.456086 12.025234 10.672488
45564 10.157173 10.395055 11.724521 10.533931
2137 10.035439 10.167620 11.559547 10.343878
110461 9.350935 10.024550 11.560011 10.213427
48814 9.335695 9.494776 11.512960 10.140893
27486 9.194963 9.399542 11.379636 9.823538
4353 8.476809 9.371078 11.411715 9.829558
1865 9.022874 9.253640 11.193081 9.858409
4898 8.949235 9.287951 11.420574 10.011671
4452 9.745115 10.130002 12.196842 10.406383
27533 9.930423 9.970742 11.719566 10.133961
192656 8.860508 9.408159 11.610266 10.107861
15995 8.476809 8.883786 11.621715 10.169642
8630 8.490597 9.484289 11.759014 10.256392
12762 9.376382 10.164539 11.586637 10.450449
8690 8.416811 9.786379 11.289679 10.369090
48369 10.480158 10.663798 12.351579 11.004826
52389 8.976673 9.430480 11.435527 10.072942
162257 9.155708 9.240387 11.477327 10.012756
75179 9.046144 9.065743 11.385813 9.736780
94292 8.811522 9.013632 11.343953 9.846834
69195 9.390281 9.765530 11.466560 10.217744
95264 9.161538 9.656321 11.448668 10.177733
11578 8.131575 9.635745 11.589954 10.368317
240032 10.083398 10.279727 11.614724 10.418716
6988 10.036214 10.456879 11.642895 10.676805
69555 8.529515 8.843832 11.552380 10.184945
102429 8.541750 8.748013 11.560878 10.072587
3579 10.145616 10.184042 11.676529 10.317477
27203 10.761494 10.839039 12.060092 10.869948
5653 10.017260 10.161607 11.788507 10.387924
73911 8.638659 9.137288 11.655442 10.243741
75725 8.026840 8.635163 11.402968 9.830685
62594 9.427927 9.539884 11.361951 9.975368
17585 9.566372 10.226965 11.854960 10.537340
90711 8.919946 8.943775 11.422151 9.844114
20867 9.149800 9.176761 11.508635 9.973549
867062 9.613836 9.692790 11.420957 10.022927
148083 8.684417 8.716807 11.321246 9.660687
163336 8.944489 9.008443 11.426765 9.823174
253926 9.220976 9.481255 11.374400 9.907176
160954 9.026840 9.129354 11.542605 9.738566
