296331134.000000
850067712.000000
850067106.000000
203409156.000000
850067228.000000
850067488.000000
296369670.000000
850104132.000000
1542425348.000000
1542424280.000000
1542425000.000000
850067732.000000
1542425130.000000
296369582.000000
1542424852.000000
296333482.000000
850104486.000000
296369696.000000
1542425482.000000
850067624.000000
1542425042.000000
1542425346.000000
1542422800.000000
1542425220.000000
1542423000.000000
850106500.000000
296369706.000000
203442192.000000
1542425274.000000
1542423188.000000
850068960.000000
850064442.000000
1542424934.000000
850066608.000000
203406432.000000
296331186.000000
850104464.000000
296369628.000000
296369752.000000
203442538.000000
1542425528.000000
203441796.000000
296333448.000000
203442226.000000
203442514.000000
296332378.000000
850067952.000000
296368454.000000
1542425264.000000
203442710.000000
296369726.000000
296333470.000000
296369912.000000
203441648.000000
850067918.000000
296369092.000000
296369630.000000
1542424968.000000
203442586.000000
1542422838.000000
296369802.000000
1542423182.000000
1542426172.000000
850067850.000000
203406370.000000
296369516.000000
1542424954.000000
296331166.000000
1542425048.000000
850104242.000000
203406700.000000
296369512.000000
296369722.000000
850100500.000000
296369734.000000
850067078.000000
296331716.000000
850067742.000000
1542423072.000000
850104152.000000
1542425052.000000
203406442.000000
850100536.000000
1542425168.000000
296369684.000000
296369742.000000
1542424704.000000
850067748.000000
850067660.000000
1542425368.000000
850104290.000000
203443598.000000
203442654.000000
850067738.000000
296369464.000000
1542422824.000000
850067068.000000
1542424616.000000
850106968.000000
1542424792.000000
296369672.000000
1542422856.000000
1542425020.000000
296334366.000000
296368452.000000
296369728.000000
203406430.000000
296369324.000000
850104298.000000
296330350.000000
1542422642.000000
850104450.000000
1542422736.000000
1542423108.000000
1542423018.000000
1542425478.000000
1542424760.000000
1542424940.000000
850067244.000000
203442672.000000
1542424958.000000
203442512.000000
296369616.000000
1542424960.000000
850106732.000000
1542425166.000000
1542422720.000000
203441640.000000
1542425372.000000
203441354.000000
850078634.000000
203406520.000000
1542425786.000000
850067666.000000
203442262.000000
203443180.000000
203406148.000000
1542426544.000000
1542425128.000000
203406196.000000
850104012.000000
850067118.000000
850067282.000000
203409360.000000
1542423080.000000
850104504.000000
1542425810.000000
203442214.000000
1542423050.000000
1542425036.000000
203409342.000000
1542425442.000000
203441830.000000
850067278.000000
850067636.000000
296333472.000000
296337404.000000
203441922.000000
203445064.000000
1542422002.000000
296369668.000000
203441930.000000
1542425362.000000
1542425526.000000
1542425436.000000
850067058.000000
850067102.000000
1542423104.000000
296369592.000000
296333744.000000
203443194.000000
850104082.000000
850104238.000000
850100502.000000
203442484.000000
1542424840.000000
850067516.000000
296369800.000000
203441512.000000
296330858.000000
203441574.000000
203406192.000000
850064202.000000
296369612.000000
203407044.000000
203409336.000000
850067740.000000
850067218.000000
850104224.000000
203406706.000000
296333762.000000
2493440166.000000
850104158.000000
1542424922.000000
850078434.000000
1542425888.000000
1542425244.000000
1542425018.000000
850078702.000000
850067852.000000
296330968.000000
296331088.000000
203406290.000000
1542424932.000000
1542424596.000000
203442552.000000
1542424942.000000
850106490.000000
850067276.000000
1542423028.000000
850103670.000000
1542425566.000000
1542425026.000000
1542423076.000000
850067806.000000
203429627.000000
203410919.000000
850111675.000000
203410991.000000
850100203.000000
850062749.000000
1542426779.000000
850064795.000000
1250096179.000000
1542400151.000000
296358973.000000
296330473.000000
850069055.000000
1249920369.000000
850095933.000000
850091431.000000
850111627.000000
2744628901.000000
850080011.000000
296337321.000000
203442841.000000
649392575.000000
1542434539.000000
203417485.000000
850070575.000000
850070987.000000
203445651.000000
850093227.000000
850072753.000000
296331093.000000
203413917.000000
1542399313.000000
850062801.000000
850078753.000000
1542422399.000000
203431205.000000
2867651017.000000
1542422331.000000
296335533.000000
850095287.000000
203430157.000000
850068431.000000
203409653.000000
203418337.000000
2744558973.000000
850042803.000000
1542420159.000000
1542424495.000000
296363097.000000
203408635.000000
850063757.000000
203408981.000000
1542416227.000000
850055833.000000
296349387.000000
850112243.000000
203446495.000000
850099405.000000
850117467.000000
1542421351.000000
203418961.000000
850080033.000000
296362521.000000
850095039.000000
203433035.000000
1542426423.000000
203408177.000000
296363197.000000
296367913.000000
850072621.000000
203428163.000000
649365623.000000
1542434763.000000
203445991.000000
203416621.000000
296358423.000000
203409885.000000
296358841.000000
850094975.000000
203413625.000000
296357683.000000
203430039.000000
1542372059.000000
296358821.000000
850095767.000000
850078439.000000
203417741.000000
1542323315.000000
3128996985.000000
1249903593.000000
203497707.000000
296346825.000000
850041331.000000
203430963.000000
203418333.000000
850042863.000000
203413599.000000
203443371.000000
850068051.000000
850101087.000000
850053049.000000
203408127.000000
1542419323.000000
203406711.000000
1542426611.000000
296346001.000000
850093597.000000
203416541.000000
1542417981.000000
850047197.000000
203411979.000000
1250095857.000000
203414719.000000
850107491.000000
203409785.000000
296367861.000000
296328185.000000
203409291.000000
296337133.000000
203445955.000000
2974617927.000000
296366891.000000
296367665.000000
203443681.000000
296333687.000000
466427683.000000
1542426841.000000
850068917.000000
2867641719.000000
850093297.000000
850058991.000000
203431565.000000
1250096133.000000
296364521.000000
1542368565.000000
296367667.000000
850043545.000000
203413109.000000
203446081.000000
649451733.000000
850104745.000000
203417655.000000
850104981.000000
203416165.000000
850114421.000000
850055377.000000
850096031.000000
203430151.000000
850070591.000000
203411251.000000
296329339.000000
296346869.000000
1542424549.000000
203430019.000000
850098993.000000
850093905.000000
850046075.000000
296334825.000000
1542399653.000000
203408617.000000
203431535.000000
850045355.000000
850056423.000000
203413049.000000
850047639.000000
296328035.000000
203423891.000000
203417281.000000
850043237.000000
203418979.000000
1542421741.000000
296364127.000000
296357827.000000
850114663.000000
850080211.000000
850078743.000000
203441799.000000
850109245.000000
1542421037.000000
850054837.000000
203426255.000000
850112521.000000
296356729.000000
1250079059.000000
1542419077.000000
203410065.000000
203495807.000000
850095227.000000
1542426299.000000
296355651.000000
850105655.000000
1542424725.000000
296330057.000000
1542421997.000000
850079937.000000
1542434159.000000
2974621119.000000
203443037.000000
296330609.000000
203416527.000000
850105763.000000
296355021.000000
850068383.000000
296357775.000000
203416533.000000
296357715.000000
296344673.000000
203417193.000000
203429167.000000
1542426577.000000
296346385.000000
203417157.000000
1542326873.000000
850094089.000000
850102043.000000
203408419.000000
850091007.000000
203407271.000000
203497823.000000
850052987.000000
850065719.000000
296359031.000000
850102419.000000
1542410775.000000
850112391.000000
203420709.000000
850114221.000000
296335667.000000
296329855.000000
203418307.000000
850114215.000000
850113003.000000
1542325157.000000
296336205.000000
203418857.000000
850091247.000000
296329679.000000
296346613.000000
1542419089.000000
850065819.000000
2744636697.000000
850092445.000000
850093649.000000
850093801.000000
203445323.000000
1542311297.000000
1542433381.000000
1542427037.000000
850105265.000000
850091357.000000
296330251.000000
296335993.000000
296346881.000000
203441231.000000
203430289.000000
296346167.000000
203418623.000000
203497831.000000
850114273.000000
296365311.000000
850092533.000000
203497843.000000
1542323257.000000
1851036769.000000
203407367.000000
203429775.000000
296358939.000000
296330731.000000
296346423.000000
203427821.000000
203445817.000000
850067311.000000
850100037.000000
850070417.000000
466427179.000000
850092489.000000
850112311.000000
850095273.000000
203447313.000000
203407515.000000
2744531963.000000
203445687.000000
203429813.000000
850063889.000000
203416475.000000
296365027.000000
1542420943.000000
1542400067.000000
203442047.000000
1542423723.000000
203446327.000000
203420351.000000
850100093.000000
203439997.000000
850064917.000000
850062427.000000
296329787.000000
1249920275.000000
2744531487.000000
203416215.000000
296364997.000000
850063987.000000
296330277.000000
296358523.000000
850101835.000000
203412933.000000
203408025.000000
850041483.000000
203445907.000000
203441401.000000
1542427129.000000
850091313.000000
850052533.000000
1250078445.000000
203446539.000000
850068721.000000
296346743.000000
850070877.000000
850066895.000000
1542421213.000000
1542427369.000000
203412935.000000
1250078077.000000
850105845.000000
850062665.000000
850043839.000000
203498317.000000
850093059.000000
850069281.000000
296367029.000000
850108271.000000
1542325007.000000
203428661.000000
1542326855.000000
850042801.000000
850052685.000000
203497787.000000
850056417.000000
1542420605.000000
850074075.000000
850043971.000000
850041463.000000
2744531887.000000
203441195.000000
649451953.000000
850068647.000000
850093755.000000
203406613.000000
296359973.000000
203430523.000000
296358671.000000
850044185.000000
296357875.000000
850060995.000000
850105639.000000
203441513.000000
203412455.000000
850066353.000000
296346573.000000
296329245.000000
850041377.000000
296364827.000000
296330591.000000
203419445.000000
296335515.000000
203433011.000000
203416407.000000
296335743.000000
850105905.000000
296337247.000000
203443359.000000
203431243.000000
1542434223.000000
203445807.000000
1542425431.000000
203442779.000000
296333103.000000
850112389.000000
296363551.000000
203419167.000000
850105057.000000
1542426845.000000
203411245.000000
1542427223.000000
850092885.000000
850043133.000000
649389489.000000
1542367977.000000
203431849.000000
850067233.000000
296334843.000000
296344379.000000
2744543067.000000
203431609.000000
203439919.000000
203409587.000000
850069421.000000
850103105.000000
296357541.000000
850041509.000000
296366273.000000
850106389.000000
296325893.000000
2744531069.000000
850105827.000000
203425517.000000
203411473.000000
3128996979.000000
850101575.000000
850079873.000000
296358061.000000
296342335.000000
1542423889.000000
2744627779.000000
850099683.000000
1542367987.000000
1542419247.000000
2974758043.000000
203430271.000000
203431107.000000
850117425.000000
850067445.000000
296357719.000000
296364535.000000
203418141.000000
203441323.000000
850102843.000000
296357321.000000
850043117.000000
850117409.000000
850103919.000000
1542426379.000000
850095609.000000
850111671.000000
850065337.000000
296361809.000000
1542434363.000000
203497827.000000
203445585.000000
850108239.000000
850072325.000000
850111647.000000
850072687.000000
203426297.000000
850114521.000000
296361981.000000
850053307.000000
296342499.000000
850091639.000000
850055885.000000
3572900171.000000
1250078093.000000
1542419411.000000
296346587.000000
203440309.000000
1851037089.000000
203416701.000000
203430461.000000
296345577.000000
1542419441.000000
850099461.000000
296364847.000000
850055909.000000
203412521.000000
1250078943.000000
850093903.000000
203429755.000000
203447699.000000
1542312321.000000
1542426277.000000
203428573.000000
203412789.000000
296352313.000000
850043809.000000
850105771.000000
296332473.000000
203427479.000000
296362037.000000
850047097.000000
296359999.000000
203426989.000000
850114301.000000
2974616741.000000
296368979.000000
850046261.000000
296330725.000000
850070459.000000
296350397.000000
1542421885.000000
203414407.000000
850114021.000000
1542419087.000000
203445861.000000
1542427301.000000
1250079043.000000
296345205.000000
296364685.000000
850064089.000000
850114299.000000
850056121.000000
203416535.000000
850099153.000000
203433499.000000
850063981.000000
850096157.000000
203431317.000000
3128996743.000000
203416409.000000
850066667.000000
850056847.000000
850103107.000000
850068807.000000
203406643.000000
203416443.000000
296334615.000000
850068971.000000
850107219.000000
203428943.000000
850112245.000000
850064125.000000
649392745.000000
850067685.000000
2744637085.000000
296359977.000000
850098293.000000
850112451.000000
1542324843.000000
850117411.000000
203407927.000000
203424025.000000
296349103.000000
1542423113.000000
850105675.000000
203445293.000000
203408569.000000
850047555.000000
296348941.000000
203416063.000000
850070211.000000
296333875.000000
203414263.000000
850101899.000000
649348483.000000
850099167.000000
203431087.000000
203431221.000000
850091327.000000
1542367971.000000
203417607.000000
203418855.000000
1542399671.000000
850071053.000000
296363693.000000
850101671.000000
2974620675.000000
850092305.000000
1542422319.000000
81826851.000000
850043733.000000
296367405.000000
203408473.000000
203430185.000000
850056603.000000
850095219.000000
203414085.000000
850095735.000000
850055163.000000
1542423751.000000
850093633.000000
296333043.000000
1542420161.000000
850041407.000000
850103123.000000
850041243.000000
203432949.000000
296344357.000000
1542423791.000000
296351751.000000
850106495.000000
296329955.000000
203418295.000000
203425411.000000
203447319.000000
1542416247.000000
850054097.000000
850043217.000000
1542422915.000000
1250078939.000000
850068301.000000
203445969.000000
1542399643.000000
296333851.000000
203418799.000000
1542428837.000000
850053311.000000
850094957.000000
296326017.000000
850102551.000000
850093757.000000
1542417737.000000
203429903.000000
1542420623.000000
203414161.000000
1250095761.000000
850114609.000000
203412817.000000
296366859.000000
850114053.000000
1542324647.000000
850046429.000000
1542419545.000000
203408251.000000
850042741.000000
850047625.000000
850079775.000000
850046267.000000
1542368213.000000
203430975.000000
203449905.000000
203407263.000000
850042557.000000
850112481.000000
850101093.000000
649375383.000000
296359199.000000
850095037.000000
203497807.000000
850067949.000000
850107585.000000
296366737.000000
203424085.000000
296356717.000000
296359853.000000
296344421.000000
203495527.000000
850064957.000000
850064009.000000
1542433371.000000
850092137.000000
850117419.000000
296325987.000000
850114179.000000
850057305.000000
1542423477.000000
203412415.000000
203495811.000000
203430113.000000
850114671.000000
850089107.000000
850099069.000000
850100721.000000
850091483.000000
850102537.000000
203416137.000000
2204599485.000000
850042395.000000
203431499.000000
850041455.000000
850106001.000000
3128996975.000000
850042889.000000
203427157.000000
850051319.000000
1542419385.000000
203407261.000000
296351805.000000
1542425311.000000
850099301.000000
850093747.000000
1542370595.000000
296359211.000000
296358421.000000
296366203.000000
850070629.000000
296365303.000000
850065299.000000
850041507.000000
203409135.000000
296362661.000000
850043095.000000
296336521.000000
850052619.000000
296337221.000000
203447469.000000
1542427155.000000
850059603.000000
1542410723.000000
1542426313.000000
296335899.000000
203425343.000000
850095577.000000
850105695.000000
203431527.000000
1250095837.000000
296363019.000000
1250078375.000000
296325989.000000
850099433.000000
850054017.000000
850046407.000000
296332259.000000
850091703.000000
850047473.000000
850043105.000000
850099185.000000
203519891.000000
296356063.000000
296335475.000000
850099813.000000
850089267.000000
850112277.000000
1542424863.000000
296342711.000000
203416629.000000
850066803.000000
296337387.000000
850078603.000000
296334911.000000
2451012823.000000
850047613.000000
296357259.000000
850055041.000000
850108369.000000
296362847.000000
203447849.000000
850099659.000000
203497989.000000
850092929.000000
203412967.000000
1542426445.000000
203415953.000000
203438721.000000
850102369.000000
296357061.000000
850113891.000000
850064165.000000
203438423.000000
1542419361.000000
1249903475.000000
203431241.000000
203409019.000000
850045267.000000
203411735.000000
296325895.000000
1542422247.000000
1542420585.000000
296337505.000000
1542427031.000000
203446219.000000
850044209.000000
296349073.000000
203449945.000000
850091191.000000
296328101.000000
203446549.000000
296366451.000000
850047179.000000
850055855.000000
296334829.000000
296356565.000000
203429539.000000
850105859.000000
296334119.000000
203412401.000000
1542421009.000000
850099463.000000
850100419.000000
296336927.000000
296348925.000000
1542370845.000000
850041531.000000
203424125.000000
850064053.000000
296334169.000000
203443061.000000
203443937.000000
850065419.000000
850105449.000000
296361965.000000
850062473.000000
850100751.000000
1542424313.000000
1542433965.000000
296366301.000000
850105909.000000
850055081.000000
203445685.000000
850093075.000000
296344671.000000
850090983.000000
296334605.000000
850093525.000000
203445267.000000
850104983.000000
850092485.000000
203445333.000000
850095423.000000
203439721.000000
850064327.000000
1542423133.000000
203431859.000000
296365317.000000
296344541.000000
296337497.000000
296344483.000000
1250096125.000000
1250078119.000000
1542425699.000000
649348913.000000
1542417783.000000
203446137.000000
850114111.000000
1542399925.000000
1542424681.000000
296358329.000000
203418355.000000
203417945.000000
1542325085.000000
510193127.000000
203430127.000000
296352061.000000
850114603.000000
850106179.000000
296337405.000000
850042539.000000
203444627.000000
1249920477.000000
203432115.000000
296344481.000000
203446145.000000
203429419.000000
203515597.000000
649376049.000000
296363079.000000
296365355.000000
296349255.000000
203443049.000000
850096377.000000
296344377.000000
1542421027.000000
296360711.000000
203429019.000000
296368931.000000
850100423.000000
850096039.000000
203443769.000000
296346947.000000
850064015.000000
850101423.000000
850067203.000000
296336183.000000
1542433991.000000
850042605.000000
850055051.000000
203442871.000000
850044779.000000
296366819.000000
850063023.000000
296346433.000000
203445455.000000
850099311.000000
296360669.000000
2974634369.000000
850093065.000000
1542426503.000000
203425487.000000
850064777.000000
1542363829.000000
203449733.000000
2974617199.000000
850055521.000000
203431523.000000
296357277.000000
850043059.000000
296368021.000000
203448099.000000
296346957.000000
850065425.000000
850054883.000000
850066923.000000
203495567.000000
203429767.000000
1542410863.000000
850055841.000000
850055211.000000
296344423.000000
203441727.000000
850043173.000000
850066691.000000
296368337.000000
850095511.000000
203430453.000000
203429101.000000
1542367673.000000
850106027.000000
296352509.000000
203495819.000000
203446685.000000
850095505.000000
296347081.000000
850099317.000000
203430995.000000
850065261.000000
296334355.000000
850112303.000000
1542370697.000000
203431531.000000
203410977.000000
203413037.000000
1250096153.000000
850095921.000000
296326141.000000
1542325207.000000
203408141.000000
296358833.000000
850101609.000000
649477015.000000
1542418009.000000
850041261.000000
296357931.000000
1542422307.000000
203412497.000000
1542399651.000000
296359029.000000
296345099.000000
1542434497.000000
203417939.000000
296352341.000000
1542426027.000000
203429347.000000
1542427335.000000
1542426773.000000
203427139.000000
850101293.000000
203426025.000000
850053115.000000
203414117.000000
850042533.000000
850102003.000000
1542420583.000000
850070653.000000
850055129.000000
850099749.000000
296332891.000000
1542420765.000000
850066871.000000
203433495.000000
203445471.000000
203414403.000000
203419387.000000
850042733.000000
203446033.000000
2744523497.000000
296336113.000000
203418551.000000
850112165.000000
1851036833.000000
850111845.000000
850071853.000000
850069821.000000
850099795.000000
850117501.000000
850070857.000000
296363547.000000
203443963.000000
850064413.000000
1542420993.000000
203438663.000000
203431799.000000
296344845.000000
296369351.000000
1542421875.000000
296361693.000000
850103437.000000
495814631.000000
203417809.000000
203409749.000000
850063951.000000
203413313.000000
1542425503.000000
296357729.000000
203440119.000000
296335517.000000
296352417.000000
1542325039.000000
850093681.000000
203409583.000000
850111849.000000
850078205.000000
296368009.000000
203445381.000000
203412291.000000
203418781.000000
1542434463.000000
296344599.000000
296358181.000000
2867652299.000000
203415985.000000
1542324897.000000
296344861.000000
850055165.000000
203445277.000000
203497901.000000
850069591.000000
296364903.000000
850104863.000000
296332117.000000
203444419.000000
203446947.000000
296357359.000000
203416517.000000
850106863.000000
203420361.000000
203413103.000000
203409319.000000
850070347.000000
203416851.000000
296366325.000000
296346761.000000
203414087.000000
2744511805.000000
296358861.000000
850062593.000000
296361865.000000
850101629.000000
296357083.000000
850046057.000000
203424401.000000
850063949.000000
850044455.000000
203442229.000000
203426279.000000
203416965.000000
296332057.000000
203408111.000000
203425419.000000
850066439.000000
203445953.000000
850065653.000000
296360205.000000
296366561.000000
850044327.000000
203444841.000000
296363447.000000
203412395.000000
203447643.000000
850059451.000000
296332529.000000
296330815.000000
203433129.000000
850066831.000000
850101337.000000
1542419487.000000
850042559.000000
466429671.000000
296334505.000000
203428297.000000
203418119.000000
850070045.000000
850100249.000000
1542424253.000000
850068679.000000
850100043.000000
850091385.000000
1542419387.000000
296356179.000000
203431065.000000
296336005.000000
850065331.000000
203406671.000000
203428999.000000
850098837.000000
1542423835.000000
850041187.000000
850068089.000000
296369585.000000
296358017.000000
296357639.000000
203438565.000000
1542421465.000000
203412219.000000
1249920191.000000
203431887.000000
203445795.000000
1542420595.000000
296345129.000000
296367567.000000
850069225.000000
1250078357.000000
850070863.000000
1542424749.000000
850047567.000000
850043229.000000
296357001.000000
296367195.000000
203443469.000000
296332467.000000
203441413.000000
850052605.000000
1542421129.000000
850041577.000000
1542420897.000000
203448083.000000
203427989.000000
1542424007.000000
1542426829.000000
296358517.000000
296357613.000000
1542397397.000000
203424957.000000
203438533.000000
296334655.000000
203412489.000000
850100675.000000
850068945.000000
296344243.000000
1542419739.000000
1542420979.000000
203445345.000000
296334863.000000
850069067.000000
203409275.000000
850096115.000000
203414213.000000
203407981.000000
850093029.000000
296335463.000000
203444179.000000
1249920311.000000
1542435297.000000
850093291.000000
850053851.000000
850055897.000000
296368785.000000
850091005.000000
850052985.000000
2744630999.000000
850069499.000000
850055825.000000
850114245.000000
850041501.000000
203498301.000000
850098823.000000
1542326833.000000
296346915.000000
296367627.000000
850105499.000000
203424983.000000
850067923.000000
850051957.000000
203429619.000000
850095277.000000
850044211.000000
850104199.000000
203433297.000000
850097059.000000
649494501.000000
296327963.000000
850114369.000000
850091341.000000
203411169.000000
296330943.000000
203495719.000000
1542410839.000000
850045335.000000
296350387.000000
850044393.000000
850042857.000000
203428281.000000
203413065.000000
850096183.000000
1542410803.000000
1542422301.000000
1542428799.000000
649494409.000000
203410835.000000
203408429.000000
203446103.000000
1542417745.000000
850045293.000000
203443731.000000
850091193.000000
850055835.000000
203429283.000000
203409627.000000
1542434219.000000
850100903.000000
1542423507.000000
1542434201.000000
296336129.000000
850080403.000000
296351835.000000
850062635.000000
296346623.000000
296365073.000000
850106253.000000
1542417725.000000
850093299.000000
203427063.000000
850073727.000000
203446635.000000
1250078197.000000
203418391.000000
850117393.000000
1250078431.000000
850055419.000000
850072141.000000
203433229.000000
203408097.000000
1542425679.000000
203418235.000000
850092493.000000
850095359.000000
850107557.000000
850106223.000000
296368421.000000
296355419.000000
203425019.000000
850065191.000000
296363173.000000
203447331.000000
203418899.000000
203428777.000000
203442039.000000
850065621.000000
203431297.000000
203407031.000000
850052067.000000
850064185.000000
296331661.000000
1250096203.000000
1250096209.000000
203412435.000000
1542420155.000000
296335959.000000
203427823.000000
850097095.000000
850104827.000000
296357177.000000
850099471.000000
1542399859.000000
850105015.000000
1542420119.000000
296361669.000000
850056615.000000
203541941.000000
495864501.000000
850095635.000000
850114593.000000
203408039.000000
1542420947.000000
203431469.000000
850117453.000000
1542424257.000000
850053143.000000
203443777.000000
1542419997.000000
1542423721.000000
203425865.000000
203424169.000000
203447397.000000
1542434499.000000
203445773.000000
203408673.000000
850095685.000000
1542311325.000000
850064107.000000
203425949.000000
203415877.000000
850051995.000000
203411235.000000
203423889.000000
203446163.000000
850059581.000000
296335531.000000
850052295.000000
1542434643.000000
296326209.000000
296346867.000000
203428739.000000
1542315547.000000
203446067.000000
296333229.000000
1542434109.000000
1542434001.000000
203431863.000000
649392723.000000
296357481.000000
1542419381.000000
203409585.000000
850068209.000000
296330255.000000
203416331.000000
296357515.000000
296347021.000000
850104885.000000
203429821.000000
850056695.000000
1542419669.000000
1249903559.000000
850046241.000000
850054775.000000
850070403.000000
296342093.000000
1542421017.000000
296357287.000000
296329381.000000
203442125.000000
296331843.000000
203438563.000000
203519565.000000
850106163.000000
203497899.000000
850066295.000000
203445199.000000
203445957.000000
203412703.000000
1542420577.000000
850080237.000000
850107235.000000
1542420207.000000
850078293.000000
296331437.000000
850114629.000000
203431455.000000
850054223.000000
649452289.000000
850104435.000000
850099823.000000
1542422229.000000
850099721.000000
203440363.000000
850068861.000000
850043605.000000
850055671.000000
649387655.000000
203446543.000000
1250078979.000000
850096289.000000
850043231.000000
850043137.000000
203429249.000000
850041273.000000
850056793.000000
850046143.000000
296361803.000000
1542434709.000000
203409279.000000
203411005.000000
296345079.000000
1542425787.000000
203414231.000000
649348551.000000
203420481.000000
296357121.000000
1542434685.000000
296325791.000000
203408819.000000
850105993.000000
203425817.000000
203409589.000000
850057053.000000
850041161.000000
850078553.000000
850099177.000000
203446149.000000
203429683.000000
850093639.000000
296330069.000000
296357347.000000
850112499.000000
296349121.000000
1542421347.000000
296330521.000000
850055121.000000
203430779.000000
850091437.000000
1250079305.000000
850064979.000000
203444871.000000
203440357.000000
203406277.000000
203431039.000000
1542421371.000000
203434093.000000
296359481.000000
1542423929.000000
203419381.000000
203418009.000000
1542417607.000000
203417059.000000
850095517.000000
850066039.000000
203443559.000000
296358387.000000
850052979.000000
1542425937.000000
850063965.000000
203408133.000000
296366297.000000
1542368011.000000
1542426449.000000
203425947.000000
203412705.000000
203414487.000000
1250079339.000000
850056047.000000
850043111.000000
203416069.000000
1249920175.000000
850099411.000000
296346813.000000
1542421149.000000
1542434491.000000
850044557.000000
296326185.000000
296329903.000000
850052951.000000
296349349.000000
203413227.000000
850097093.000000
203439937.000000
850103251.000000
203424475.000000
296357521.000000
296328103.000000
296331325.000000
296360683.000000
203442817.000000
850053829.000000
850044199.000000
850056477.000000
203412647.000000
2744531827.000000
850070727.000000
203449603.000000
296355489.000000
850066911.000000
850097057.000000
296336961.000000
1542421039.000000
203445053.000000
850111743.000000
203431787.000000
203433409.000000
1250078725.000000
1542425511.000000
850100079.000000
296361589.000000
296334763.000000
296344417.000000
850094081.000000
2744637275.000000
850064297.000000
850052005.000000
850107695.000000
296331335.000000
850111767.000000
850109607.000000
296359593.000000
203425067.000000
203432085.000000
850094127.000000
850107233.000000
850052047.000000
850062827.000000
296357705.000000
203412761.000000
203419115.000000
850044421.000000
850093259.000000
203411197.000000
850056573.000000
296329285.000000
850042613.000000
850101953.000000
850063859.000000
296367565.000000
850093573.000000
1542420017.000000
203497793.000000
1542421425.000000
203495769.000000
850052541.000000
203448341.000000
203431295.000000
850098811.000000
203430125.000000
850102031.000000
1542420763.000000
296347193.000000
1542325117.000000
203515577.000000
203420723.000000
203446241.000000
850105631.000000
203443493.000000
850096281.000000
203419185.000000
296362489.000000
1250079385.000000
296367191.000000
850078493.000000
850064301.000000
850041783.000000
203418057.000000
203438449.000000
203417307.000000
850076343.000000
1249920855.000000
203425469.000000
203414693.000000
203408971.000000
1542325149.000000
1542435357.000000
203497753.000000
2744631103.000000
203445413.000000
850091613.000000
296347087.000000
850100173.000000
850114011.000000
850045383.000000
203448109.000000
296346551.000000
203449695.000000
203408029.000000
850092949.000000
296346885.000000
296365123.000000
1542421369.000000
1542325189.000000
1542429097.000000
2744531629.000000
296367465.000000
203420521.000000
296358669.000000
850114681.000000
203411991.000000
203417925.000000
850112035.000000
1542420169.000000
850043719.000000
203429819.000000
296331405.000000
296364627.000000
203413795.000000
850063927.000000
850078239.000000
1250095921.000000
850100871.000000
1542421699.000000
203433275.000000
296359253.000000
850052319.000000
296366351.000000
850072289.000000
296329957.000000
850091147.000000
296326169.000000
296337513.000000
850044451.000000
296363923.000000
203443337.000000
296367213.000000
296359127.000000
850054887.000000
850080365.000000
1542434017.000000
1542325343.000000
296352223.000000
203416395.000000
296335807.000000
203415955.000000
203425987.000000
296363341.000000
296334269.000000
1542423681.000000
1542426555.000000
203429933.000000
296361285.000000
850066899.000000
203426605.000000
296325953.000000
1542420019.000000
296335917.000000
850070341.000000
1542434683.000000
296346663.000000
850064133.000000
850054629.000000
1542410797.000000
296347123.000000
850114623.000000
850111757.000000
203442577.000000
850104769.000000
850078551.000000
2744547433.000000
203414141.000000
203445371.000000
1542424683.000000
203407813.000000
1542311317.000000
850100865.000000
203416593.000000
203497761.000000
203438525.000000
850114313.000000
2744534895.000000
850107965.000000
1542419067.000000
850111905.000000
850042201.000000
203443961.000000
203430925.000000
850065365.000000
850095181.000000
1542369107.000000
203412013.000000
850107207.000000
1250095925.000000
850080201.000000
850112121.000000
203409763.000000
203418949.000000
296346277.000000
203411247.000000
2450962573.000000
850109729.000000
203417389.000000
296335939.000000
203440913.000000
203417321.000000
850054949.000000
850056923.000000
850111709.000000
296351581.000000
850055631.000000
296366373.000000
850064925.000000
850042239.000000
1542422137.000000
203448309.000000
850078609.000000
203412317.000000
850055443.000000
850052607.000000
850100241.000000
1542434183.000000
296357587.000000
296360199.000000
850046471.000000
1542426125.000000
850108309.000000
850044283.000000
296360195.000000
296335851.000000
296329301.000000
850093717.000000
203417673.000000
850070333.000000
203495759.000000
1250079033.000000
203426307.000000
850044803.000000
850104737.000000
203408045.000000
850063953.000000
850096215.000000
850095747.000000
203431289.000000
1250079109.000000
203416183.000000
850114233.000000
850091643.000000
850052391.000000
203419365.000000
203430135.000000
850070663.000000
203411175.000000
1542399751.000000
850078575.000000
203445739.000000
203418461.000000
203445273.000000
296334065.000000
850092695.000000
296368455.000000
203411269.000000
850102483.000000
296329599.000000
203417243.000000
850113893.000000
296356779.000000
203445967.000000
850114503.000000
1542427119.000000
296367645.000000
850056915.000000
203411855.000000
850092503.000000
850064709.000000
296332957.000000
850109241.000000
296367607.000000
850041473.000000
296369329.000000
203446533.000000
296335101.000000
850080009.000000
850093191.000000
850095569.000000
850099697.000000
203431285.000000
296344943.000000
1542429089.000000
296369333.000000
203431415.000000
296357657.000000
1250079131.000000
850069645.000000
203418317.000000
203445363.000000
203429667.000000
850051991.000000
203449859.000000
850101015.000000
850095295.000000
1542422911.000000
850111961.000000
850098901.000000
203409693.000000
850104801.000000
296362849.000000
850112489.000000
296356513.000000
203445803.000000
850065727.000000
850042369.000000
850106459.000000
296364853.000000
850112177.000000
203415869.000000
203524449.000000
850056325.000000
850046411.000000
850053095.000000
203429043.000000
850093017.000000
203418537.000000
203418573.000000
850102807.000000
649362873.000000
296333087.000000
1542424195.000000
850052045.000000
850054705.000000
203433121.000000
296358303.000000
850106031.000000
296344663.000000
850070183.000000
203407631.000000
850052991.000000
2744538979.000000
850100443.000000
1111032559.000000
203431557.000000
203445297.000000
1542420899.000000
296344521.000000
850099327.000000
296359181.000000
850091257.000000
850065801.000000
203438441.000000
850091259.000000
850055335.000000
296330637.000000
296327773.000000
296364629.000000
203443847.000000
203447305.000000
203417387.000000
1542429003.000000
203497817.000000
203443129.000000
203408279.000000
296329297.000000
1542425343.000000
850065769.000000
850092507.000000
850068461.000000
203416863.000000
203412011.000000
850064019.000000
850106533.000000
1542423407.000000
1542399523.000000
203447461.000000
203419389.000000
850095373.000000
203417295.000000
203446561.000000
1249903387.000000
296369365.000000
850041193.000000
850104287.000000
2974620443.000000
649349361.000000
1542425577.000000
1542349753.000000
850041947.000000
1542399309.000000
850042727.000000
850050365.000000
850043075.000000
203447903.000000
850102461.000000
1542424063.000000
850118489.000000
850041543.000000
1542425357.000000
850110447.000000
296337355.000000
1249902469.000000
1542417521.000000
1542419233.000000
296359465.000000
850056945.000000
1542426371.000000
2974621155.000000
203428451.000000
850093099.000000
850103273.000000
850093751.000000
296351775.000000
296367303.000000
850062201.000000
850099431.000000
1542433921.000000
203498253.000000
203433225.000000
1542424697.000000
850108351.000000
296359493.000000
296357727.000000
296358213.000000
1542427039.000000
296357345.000000
203429015.000000
850101307.000000
203431697.000000
850070361.000000
850046231.000000
850117461.000000
850066969.000000
850104461.000000
850092939.000000
203444171.000000
296352015.000000
203445649.000000
850070103.000000
203418579.000000
850112153.000000
296344655.000000
850092967.000000
1542427249.000000
203431635.000000
850052693.000000
203417651.000000
203418345.000000
296336539.000000
850101387.000000
203446559.000000
296364635.000000
296319841.000000
296366401.000000
850042815.000000
850043227.000000
850100709.000000
203406899.000000
203412337.000000
1542426993.000000
850045821.000000
850042757.000000
850052617.000000
850072093.000000
850043087.000000
296334577.000000
296357477.000000
296360175.000000
296337495.000000
296361997.000000
296344819.000000
850105453.000000
296365329.000000
203429899.000000
296330675.000000
850068365.000000
296325781.000000
203416745.000000
850101685.000000
850093645.000000
1542423949.000000
203446169.000000
81826113.000000
850095519.000000
203497703.000000
203412769.000000
296363913.000000
296352013.000000
203413159.000000
296368191.000000
850103357.000000
296359611.000000
296355785.000000
850044585.000000
296351801.000000
296367647.000000
296328021.000000
203417833.000000
850066065.000000
850109631.000000
850104109.000000
203442175.000000
2744637279.000000
850100463.000000
296336885.000000
850042651.000000
649478169.000000
203411241.000000
1542434537.000000
1250078383.000000
203408379.000000
850052497.000000
850073987.000000
203445379.000000
850055683.000000
850099309.000000
850055673.000000
203411387.000000
1542417555.000000
296355229.000000
296327351.000000
296363577.000000
296333193.000000
850101421.000000
1542421755.000000
296359141.000000
850107095.000000
296357661.000000
2744637221.000000
203497789.000000
850105405.000000
850103417.000000
296362155.000000
296334155.000000
296357439.000000
296342545.000000
296336929.000000
850102019.000000
1542426239.000000
203418231.000000
850054075.000000
203408235.000000
850105901.000000
850096347.000000
296357129.000000
203519901.000000
203409449.000000
296330157.000000
850105685.000000
850047401.000000
850080309.000000
203446271.000000
850099269.000000
850102063.000000
203429957.000000
850072255.000000
1542419685.000000
850045185.000000
296363601.000000
296349381.000000
2744563889.000000
296331863.000000
203440249.000000
203414285.000000
203446553.000000
203498251.000000
850047605.000000
203446251.000000
850105437.000000
203417753.000000
296369059.000000
850068027.000000
203418801.000000
203411333.000000
2974617221.000000
296345063.000000
850069255.000000
649494509.000000
1542419423.000000
850098991.000000
203446315.000000
203447435.000000
850052293.000000
850046095.000000
850097113.000000
850106143.000000
296366799.000000
203424065.000000
203429045.000000
1542424707.000000
203440153.000000
1542369439.000000
296348851.000000
203412887.000000
850094235.000000
850052793.000000
850096067.000000
850095869.000000
296350381.000000
1542419299.000000
1250078871.000000
203431655.000000
203443763.000000
850043345.000000
203444145.000000
296361881.000000
1542312647.000000
203410857.000000
203445475.000000
203420547.000000
850079893.000000
850064911.000000
1542417707.000000
296355579.000000
203445597.000000
850041971.000000
296330481.000000
296367419.000000
296337343.000000
850106805.000000
850070483.000000
850079949.000000
850052585.000000
850041431.000000
850068011.000000
296362959.000000
296345311.000000
203420817.000000
296356935.000000
850074063.000000
203440443.000000
296342353.000000
203415325.000000
203408003.000000
1542421269.000000
1542422517.000000
1542347353.000000
850106239.000000
850055205.000000
296368283.000000
850117427.000000
203411357.000000
203429429.000000
850043113.000000
850101191.000000
850114033.000000
296332471.000000
1542434767.000000
203417825.000000
850115421.000000
203414103.000000
296367091.000000
203497813.000000
296330191.000000
850066759.000000
3128862721.000000
850100291.000000
1542375833.000000
203443313.000000
649366851.000000
850055809.000000
203413135.000000
850105163.000000
203410965.000000
296364149.000000
296346201.000000
203442225.000000
2974622187.000000
850099303.000000
1250078125.000000
81825749.000000
2744528533.000000
850123359.000000
203406745.000000
1542325003.000000
850099645.000000
203418209.000000
850106357.000000
1249920119.000000
203426481.000000
296334109.000000
203447509.000000
850042621.000000
1542434641.000000
296365193.000000
850042851.000000
850100265.000000
850065931.000000
203411403.000000
850078253.000000
1542425949.000000
203416581.000000
203417367.000000
1250095909.000000
850098681.000000
850041721.000000
850100555.000000
1542419917.000000
1542424315.000000
850042285.000000
850091025.000000
296332369.000000
649476977.000000
296360857.000000
850114717.000000
850101287.000000
1542427061.000000
850092761.000000
203409147.000000
850099361.000000
850076833.000000
850055669.000000
850042565.000000
203408661.000000
1542426531.000000
850053319.000000
850096299.000000
296357297.000000
1542434133.000000
850064655.000000
1250078381.000000
296360269.000000
203444931.000000
203427091.000000
296366999.000000
296363839.000000
850107323.000000
203446031.000000
203416053.000000
1250077525.000000
203406793.000000
296361341.000000
203442371.000000
1542421063.000000
203416129.000000
850102037.000000
1542399673.000000
296366289.000000
1542420973.000000
850070769.000000
1542347567.000000
203444341.000000
296334097.000000
850095551.000000
850047193.000000
1542325045.000000
850091667.000000
1542314947.000000
850042745.000000
1542426581.000000
296330565.000000
850097103.000000
203417149.000000
296367927.000000
850105471.000000
203446623.000000
203416711.000000
203407187.000000
850091041.000000
850043917.000000
296342483.000000
203446509.000000
296355681.000000
296367037.000000
1851037103.000000
296365019.000000
296367197.000000
203449677.000000
1542312287.000000
296367311.000000
2974633119.000000
296334019.000000
203442381.000000
203440885.000000
296361757.000000
296329283.000000
1542425861.000000
296366385.000000
296364953.000000
203428453.000000
296365011.000000
1542422595.000000
203425461.000000
2744637305.000000
296331633.000000
203407415.000000
203445187.000000
850093661.000000
203418947.000000
850111911.000000
203441367.000000
850105427.000000
850112109.000000
850065583.000000
1851037123.000000
296363017.000000
203445993.000000
203412419.000000
1542419397.000000
203430167.000000
1542427319.000000
850072189.000000
1542433433.000000
296333555.000000
850096297.000000
850065181.000000
203424525.000000
203417535.000000
850042607.000000
2744487699.000000
850108205.000000
850056089.000000
1250079095.000000
649389339.000000
850070587.000000
203446209.000000
850064973.000000
850063971.000000
203431569.000000
850111761.000000
296358277.000000
1542312695.000000
296336881.000000
203431453.000000
203418783.000000
203419187.000000
203408587.000000
1542366065.000000
850042193.000000
850095591.000000
203408285.000000
296361999.000000
850064099.000000
296349113.000000
203412397.000000
850102427.000000
850047511.000000
203429427.000000
850105817.000000
850110301.000000
850064937.000000
203444215.000000
1542312269.000000
203411433.000000
203409271.000000
850113983.000000
850071013.000000
850041433.000000
203449883.000000
850077927.000000
850053831.000000
203430115.000000
296358551.000000
203418999.000000
2974621035.000000
850105389.000000
850113011.000000
850063999.000000
850063773.000000
203409625.000000
296347067.000000
296369181.000000
850056339.000000
850105399.000000
203413619.000000
203419393.000000
850112265.000000
850099821.000000
296363639.000000
850052037.000000
203418867.000000
850123309.000000
850055869.000000
1542419673.000000
203440405.000000
1542420269.000000
296332909.000000
850100809.000000
203418063.000000
203495747.000000
850065183.000000
203416937.000000
296327927.000000
2974634679.000000
850068749.000000
1542427059.000000
203412321.000000
296357393.000000
850052291.000000
850052745.000000
2744637079.000000
296364571.000000
203449901.000000
850114383.000000
203410029.000000
850112511.000000
296346279.000000
2744403181.000000
203448081.000000
203443865.000000
850091203.000000
296358065.000000
1542423691.000000
296367789.000000
850095283.000000
296346173.000000
850092725.000000
850096023.000000
850055439.000000
203446115.000000
296346381.000000
850068097.000000
3220791045.000000
296357703.000000
850080027.000000
850092519.000000
203495889.000000
1542420967.000000
850093231.000000
296333269.000000
296328125.000000
850056459.000000
850108335.000000
203417501.000000
203410885.000000
296346239.000000
203443877.000000
1542419401.000000
296366483.000000
850104849.000000
1250095789.000000
296330311.000000
203425089.000000
203417537.000000
850065591.000000
1851046225.000000
296342329.000000
1542426171.000000
203417933.000000
203447879.000000
203418255.000000
850041365.000000
296334633.000000
203449909.000000
203432113.000000
296334513.000000
850091283.000000
850093703.000000
203413091.000000
296359073.000000
296361579.000000
296345029.000000
1542426409.000000
203431329.000000
1542327069.000000
203431833.000000
203414011.000000
850044425.000000
203424995.000000
850052835.000000
850079807.000000
203447841.000000
296342725.000000
203427323.000000
850105971.000000
203433489.000000
296331315.000000
2974757375.000000
203407849.000000
296368549.000000
850103133.000000
1542421975.000000
850066883.000000
296357903.000000
203412277.000000
296355639.000000
850042665.000000
203443871.000000
850072241.000000
296357699.000000
203446355.000000
850101121.000000
296344681.000000
296369409.000000
296335023.000000
850070193.000000
296333143.000000
203449885.000000
296365125.000000
203416509.000000
850098183.000000
203444373.000000
850069501.000000
1249920399.000000
850077979.000000
1542417531.000000
850099319.000000
1542420579.000000
850069955.000000
850103723.000000
1542422055.000000
850091627.000000
203417247.000000
1542421787.000000
1542421267.000000
850052689.000000
203418679.000000
296360391.000000
203417415.000000
1542421651.000000
1542424163.000000
850047403.000000
850105977.000000
850062855.000000
296365111.000000
1542368183.000000
203497773.000000
203418575.000000
1542420215.000000
203431699.000000
296335493.000000
296333345.000000
203447863.000000
203431101.000000
203443275.000000
850066979.000000
1542421453.000000
850070397.000000
850044023.000000
1542426799.000000
203417489.000000
203416297.000000
203408733.000000
850067649.000000
1542424481.000000
850044871.000000
296326207.000000
850070229.000000
850055289.000000
1542434199.000000
203432923.000000
850102383.000000
850113489.000000
649476119.000000
296365087.000000
850093749.000000
296336545.000000
1542421265.000000
850044169.000000
850103071.000000
296366583.000000
1542421295.000000
296364727.000000
850065577.000000
850047223.000000
296367979.000000
296344359.000000
296335731.000000
1542424119.000000
1542425601.000000
296359901.000000
1851036659.000000
203443521.000000
850102097.000000
1542426443.000000
296358811.000000
1542422879.000000
850072355.000000
850095771.000000
850096079.000000
1542426563.000000
850106817.000000
850052019.000000
296360227.000000
850114071.000000
850112105.000000
850094991.000000
296344669.000000
296333649.000000
850070825.000000
850114843.000000
203415959.000000
296357787.000000
296365187.000000
1542419533.000000
850079273.000000
850064649.000000
850101891.000000
296348653.000000
296319839.000000
296332215.000000
203430059.000000
296366577.000000
850108339.000000
296361869.000000
203433279.000000
296356061.000000
850101811.000000
850104005.000000
850063909.000000
850114823.000000
850049229.000000
203416029.000000
296346967.000000
850107819.000000
203444999.000000
296336921.000000
850064773.000000
203431537.000000
850105561.000000
203418873.000000
1542426287.000000
296336099.000000
1542427231.000000
203443719.000000
1542326857.000000
296361813.000000
1542422901.000000
203497815.000000
203409281.000000
2974617217.000000
850099641.000000
850070233.000000
850104691.000000
296368883.000000
203495563.000000
296346931.000000
203443813.000000
203446321.000000
296335831.000000
203412227.000000
850106673.000000
850062797.000000
203414265.000000
850042829.000000
850101827.000000
203416841.000000
850092941.000000
1542421597.000000
296332915.000000
1542325089.000000
203441333.000000
1542420625.000000
296366467.000000
203407073.000000
296357971.000000
296358707.000000
296367615.000000
203445909.000000
203408273.000000
296357349.000000
296362347.000000
1542421227.000000
850099439.000000
203418037.000000
1542426549.000000
850093389.000000
203413075.000000
203419183.000000
850106931.000000
296359525.000000
850080191.000000
1542425691.000000
850065709.000000
203438545.000000
296349089.000000
850046289.000000
296334455.000000
296368025.000000
1542322861.000000
850107599.000000
203442639.000000
850063947.000000
203408679.000000
850106889.000000
296357003.000000
1542424401.000000
850099679.000000
850044131.000000
850064135.000000
203417291.000000
850114617.000000
850052521.000000
649451811.000000
296366981.000000
1542424265.000000
1542423677.000000
203407303.000000
850093581.000000
850104053.000000
296357763.000000
850099331.000000
203418895.000000
203446047.000000
296355621.000000
203444991.000000
850049503.000000
296345591.000000
850107877.000000
850065221.000000
296334393.000000
1542417369.000000
203430471.000000
296335931.000000
850099569.000000
203441991.000000
296336567.000000
296364949.000000
1542426095.000000
296359009.000000
296346627.000000
203417347.000000
203407893.000000
1542434681.000000
1542426431.000000
296367025.000000
296365181.000000
296349101.000000
296357721.000000
203416391.000000
203416285.000000
203429783.000000
1249903561.000000
203416933.000000
1542426771.000000
850105831.000000
203429655.000000
850067609.000000
850046159.000000
203410989.000000
203410045.000000
203408381.000000
296355561.000000
296357677.000000
296361655.000000
296368571.000000
850104591.000000
296357749.000000
296346747.000000
203440217.000000
850067433.000000
1542422721.000000
203407427.000000
3129002983.000000
296335611.000000
296344857.000000
850065775.000000
296328453.000000
296334719.000000
1542426459.000000
296365647.000000
203409413.000000
2943807873.000000
850103127.000000
850098963.000000
850065121.000000
203516801.000000
203418213.000000
203443683.000000
850055889.000000
850070431.000000
1542326701.000000
1542421131.000000
203433457.000000
296346225.000000
203519993.000000
296336133.000000
1542325305.000000
296367909.000000
296344183.000000
850114303.000000
203446243.000000
203444187.000000
1851036967.000000
1542421455.000000
203449607.000000
850092755.000000
850091345.000000
850065347.000000
1542422255.000000
203444409.000000
203406587.000000
850070351.000000
850079253.000000
850101825.000000
850100857.000000
203442421.000000
850043527.000000
850096375.000000
203406639.000000
850070603.000000
1542399285.000000
203444953.000000
850104685.000000
1249920881.000000
296328951.000000
203408543.000000
850068261.000000
203426019.000000
203407191.000000
296352145.000000
203439887.000000
296367101.000000
203417309.000000
850114157.000000
1542428795.000000
296352077.000000
850105683.000000
850118331.000000
203431197.000000
203409471.000000
203416591.000000
203408043.000000
203409639.000000
203519411.000000
296331797.000000
1542428559.000000
296349133.000000
1542327061.000000
1542424249.000000
296349297.000000
1542420971.000000
203411411.000000
850095221.000000
1542427291.000000
203407517.000000
850068435.000000
850041237.000000
296336963.000000
850045811.000000
296368873.000000
203445755.000000
850070075.000000
203413267.000000
203420495.000000
1542420147.000000
1542361043.000000
2943899543.000000
1542435345.000000
296344887.000000
850100915.000000
203407749.000000
296330049.000000
850063869.000000
203427411.000000
296356913.000000
296330715.000000
203433453.000000
203408375.000000
850093351.000000
1542426853.000000
1542422507.000000
1542410939.000000
850041229.000000
296332971.000000
850106395.000000
296334527.000000
296359119.000000
850071247.000000
203468095.000000
850064401.000000
2451028841.000000
850070573.000000
850106221.000000
296330793.000000
1542429053.000000
2744539901.000000
1542422305.000000
1542419531.000000
850106787.000000
850095163.000000
850103631.000000
203431113.000000
203449907.000000
296364887.000000
850070035.000000
203431701.000000
850041163.000000
850111279.000000
850112087.000000
850099467.000000
1542422087.000000
203447753.000000
296327987.000000
850103247.000000
296356909.000000
2867644107.000000
296346515.000000
3572909521.000000
1542418007.000000
296362295.000000
850070625.000000
850099705.000000
850114639.000000
296337307.000000
1542427341.000000
296363479.000000
850070767.000000
203445177.000000
850055269.000000
850055899.000000
850044431.000000
850064373.000000
296346981.000000
296330741.000000
1542421043.000000
850105451.000000
850106061.000000
1542421421.000000
850045103.000000
296360665.000000
203418845.000000
850055435.000000
203416195.000000
203411345.000000
296363623.000000
296351767.000000
850057385.000000
850111855.000000
203445695.000000
850091401.000000
203420463.000000
2943807649.000000
203418641.000000
296357579.000000
850099691.000000
203417653.000000
203418739.000000
850113435.000000
296336965.000000
296337139.000000
203433089.000000
203447681.000000
1542422379.000000
850041883.000000
203443945.000000
203407775.000000
203417731.000000
296358059.000000
850045175.000000
296334847.000000
1542400153.000000
203445723.000000
850092765.000000
850094977.000000
850055283.000000
1249920505.000000
296367097.000000
203441105.000000
850111995.000000
1542425539.000000
203440421.000000
203447665.000000
296368219.000000
850052981.000000
850059525.000000
850053991.000000
203411423.000000
203413029.000000
296366487.000000
203420485.000000
850114219.000000
203426691.000000
203420345.000000
1250095787.000000
296336107.000000
649470305.000000
850066959.000000
203440063.000000
850052691.000000
203432711.000000
296334247.000000
850052609.000000
1542434639.000000
203408109.000000
850070007.000000
1542425619.000000
296335645.000000
203411037.000000
850053153.000000
1250096165.000000
296327783.000000
1542370355.000000
203443381.000000
1542356273.000000
203431539.000000
850096009.000000
203520297.000000
1542324835.000000
296345095.000000
203495773.000000
1542425397.000000
1542434559.000000
296367061.000000
203444255.000000
296356843.000000
850042833.000000
850047779.000000
296335479.000000
850102193.000000
1542324845.000000
1250095851.000000
203407803.000000
296336569.000000
203418607.000000
296349161.000000
203445339.000000
296356967.000000
850064033.000000
296329969.000000
1542424859.000000
296359873.000000
850069093.000000
1542422377.000000
850056955.000000
850064289.000000
203409637.000000
296342461.000000
203425151.000000
203427929.000000
296361069.000000
203429439.000000
296332563.000000
296357897.000000
203442405.000000
850093547.000000
850101291.000000
850097033.000000
850043123.000000
203445731.000000
203429301.000000
296367613.000000
850043447.000000
203416905.000000
296362331.000000
203408329.000000
2974634385.000000
850123341.000000
850102433.000000
203443063.000000
296361951.000000
203429537.000000
850101045.000000
850045749.000000
296337393.000000
203415979.000000
850068243.000000
850071117.000000
203416311.000000
1542426895.000000
850104595.000000
850053517.000000
1542419677.000000
296359153.000000
850066425.000000
850091253.000000
1542423411.000000
296368641.000000
850112509.000000
296326021.000000
850043943.000000
1542419269.000000
850105891.000000
203449611.000000
203446283.000000
850070975.000000
850064021.000000
203445055.000000
296331417.000000
203416493.000000
296351813.000000
296357157.000000
296331673.000000
1542424497.000000
850069469.000000
296358177.000000
296332355.000000
203443691.000000
296359997.000000
296369375.000000
203495791.000000
850066725.000000
850041777.000000
296357211.000000
1542366041.000000
850102489.000000
296334173.000000
2867651405.000000
203425149.000000
850095871.000000
203444515.000000
850100081.000000
850090993.000000
203445895.000000
203443779.000000
81826669.000000
296352071.000000
850064375.000000
850113481.000000
296358909.000000
296369153.000000
203417121.000000
203428189.000000
850108719.000000
296369533.000000
1542424201.000000
296368231.000000
203412617.000000
850093117.000000
203444241.000000
850041251.000000
1542421887.000000
1542423615.000000
203447481.000000
850069003.000000
296367879.000000
296346531.000000
296361817.000000
850042163.000000
850095893.000000
296334113.000000
850109639.000000
1542435337.000000
296347321.000000
850114049.000000
850066343.000000
203440245.000000
1542359811.000000
296327737.000000
1542346859.000000
850114397.000000
1542425327.000000
296334713.000000
203449639.000000
203409075.000000
850056613.000000
203426057.000000
203409845.000000
850099101.000000
850093551.000000
203407971.000000
1542421409.000000
1542426279.000000
296367017.000000
850111885.000000
203413449.000000
203408371.000000
850103995.000000
203431479.000000
850067953.000000
296355531.000000
296349079.000000
850095875.000000
296334833.000000
296363937.000000
1542419571.000000
203430835.000000
1542324443.000000
203427941.000000
296334899.000000
850041521.000000
296359845.000000
203417993.000000
850049267.000000
850096133.000000
296368255.000000
850065747.000000
203497881.000000
203443439.000000
1542370905.000000
203429207.000000
1542425023.000000
850042661.000000
296357535.000000
1542399449.000000
850093685.000000
296325783.000000
850099213.000000
296333199.000000
203446589.000000
850041209.000000
850107703.000000
296336925.000000
850090765.000000
296366259.000000
1542418001.000000
850042211.000000
296361657.000000
1542422339.000000
296369361.000000
1542427415.000000
203438483.000000
1249903603.000000
203414691.000000
850043961.000000
1851036845.000000
850062839.000000
850103591.000000
203445947.000000
850101731.000000
850113863.000000
203411383.000000
203446055.000000
296352149.000000
850041713.000000
203430937.000000
296366305.000000
850080193.000000
296358407.000000
203445029.000000
296344605.000000
850102073.000000
296355689.000000
510181379.000000
850065579.000000
850095247.000000
203418111.000000
850096161.000000
2204585471.000000
850067339.000000
850069851.000000
850091139.000000
850043443.000000
850065397.000000
296328131.000000
203443235.000000
850042137.000000
850091319.000000
850067441.000000
296346029.000000
850044245.000000
850103397.000000
296333107.000000
296363207.000000
1851036825.000000
296367843.000000
296336077.000000
203407125.000000
1542422163.000000
203446223.000000
296335911.000000
296330891.000000
1542434657.000000
1542425455.000000
203433247.000000
203419425.000000
296358989.000000
850103401.000000
2974617409.000000
203443627.000000
850096123.000000
296364971.000000
203445257.000000
850042349.000000
850070465.000000
850064335.000000
850042877.000000
850070213.000000
296346247.000000
203447725.000000
296367127.000000
850096075.000000
850114653.000000
850042847.000000
850104099.000000
850046347.000000
850061933.000000
203445631.000000
203449955.000000
203412459.000000
296333983.000000
850066881.000000
296368659.000000
1542347449.000000
1542424099.000000
203446529.000000
203415837.000000
203408187.000000
1542424391.000000
203444569.000000
850080245.000000
203417403.000000
1542410841.000000
1542424899.000000
850091419.000000
1542349021.000000
1542425479.000000
296330425.000000
850070523.000000
296358615.000000
203428223.000000
296358895.000000
203445971.000000
850078589.000000
850108245.000000
1542399919.000000
850096021.000000
850101521.000000
1542434413.000000
203439703.000000
850102675.000000
203412955.000000
2744530891.000000
850096373.000000
1542422543.000000
296347157.000000
203443415.000000
296363459.000000
203433243.000000
850114355.000000
203408919.000000
203424541.000000
203433233.000000
296342815.000000
1542421989.000000
850096137.000000
203417573.000000
296368347.000000
203432741.000000
850046205.000000
203429011.000000
296364747.000000
203449609.000000
850066331.000000
850114263.000000
296332981.000000
850065273.000000
203410839.000000
296364583.000000
850078433.000000
203417047.000000
1542327175.000000
203416677.000000
850062321.000000
850079959.000000
850067613.000000
296349095.000000
203416735.000000
203430467.000000
850047139.000000
850108279.000000
850065789.000000
850065197.000000
850105947.000000
850102677.000000
850105339.000000
203440439.000000
296368943.000000
203447463.000000
203416631.000000
296358063.000000
1542426703.000000
296357483.000000
850070489.000000
203417287.000000
203445213.000000
850099829.000000
203428775.000000
1542419911.000000
850055177.000000
296345301.000000
203433467.000000
850105987.000000
850054929.000000
850092971.000000
649392767.000000
850099599.000000
850065291.000000
203412879.000000
2744487691.000000
850091773.000000
296363553.000000
296361893.000000
203417823.000000
1542427327.000000
1542420637.000000
296337477.000000
203443043.000000
1542421849.000000
850080305.000000
850095929.000000
296357223.000000
203414311.000000
296331379.000000
1542410837.000000
296360437.000000
850065799.000000
850095507.000000
850105355.000000
850091255.000000
2974617443.000000
296335495.000000
1542425447.000000
850107825.000000
850072247.000000
203416023.000000
850099451.000000
850074547.000000
203410769.000000
2744487855.000000
1542424049.000000
850102417.000000
203412591.000000
203444713.000000
203426207.000000
850064119.000000
1542426833.000000
296331143.000000
850041989.000000
850069017.000000
296367635.000000
203495561.000000
1542423847.000000
850100465.000000
850042231.000000
203407859.000000
850068379.000000
203427099.000000
203412565.000000
850056327.000000
1542423997.000000
1542379593.000000
296333251.000000
1250096253.000000
203497717.000000
850101439.000000
1542368109.000000
296363215.000000
850041515.000000
203412673.000000
850101611.000000
203418887.000000
850092815.000000
850095749.000000
850094989.000000
850069843.000000
203417649.000000
203412377.000000
1542424659.000000
1542400089.000000
296368801.000000
203445201.000000
850064011.000000
296359989.000000
296366971.000000
296333787.000000
850065937.000000
1542426847.000000
296363203.000000
296337489.000000
1542422269.000000
296358799.000000
296359871.000000
1542421257.000000
296335913.000000
850070729.000000
850106385.000000
296361531.000000
296336123.000000
203444977.000000
850101319.000000
296331999.000000
850106067.000000
203406841.000000
850069449.000000
296345241.000000
203497971.000000
850095649.000000
296357943.000000
1542428857.000000
296337499.000000
203409295.000000
203417639.000000
850054019.000000
203442367.000000
850104459.000000
2974620015.000000
203445881.000000
203446021.000000
850113999.000000
850053121.000000
850041767.000000
850105575.000000
203429507.000000
296333149.000000
296351553.000000
203416199.000000
203442783.000000
1542417819.000000
850111879.000000
296358505.000000
203441021.000000
203412563.000000
850053415.000000
850056551.000000
203418861.000000
850047493.000000
203409647.000000
850068153.000000
850072421.000000
296333641.000000
203410747.000000
203427419.000000
203433061.000000
296337435.000000
850041675.000000
850061013.000000
850043923.000000
296337523.000000
203433123.000000
850070189.000000
1542426897.000000
850108287.000000
850069159.000000
296330321.000000
203416665.000000
1542323575.000000
296348937.000000
1542423719.000000
203418405.000000
850104753.000000
850103927.000000
850092717.000000
203430275.000000
203431143.000000
850053029.000000
203433097.000000
850093047.000000
296357233.000000
203406591.000000
296337493.000000
1542419417.000000
850053345.000000
296332843.000000
850094059.000000
1542426339.000000
203414257.000000
203418403.000000
296334427.000000
850078687.000000
1542419925.000000
850056405.000000
203445221.000000
203445383.000000
850072179.000000
850108385.000000
203446171.000000
203414273.000000
203425147.000000
850114027.000000
850100475.000000
296328439.000000
850095317.000000
296331199.000000
203412423.000000
203406743.000000
1542434177.000000
203410921.000000
203418207.000000
203446293.000000
296334827.000000
850093933.000000
850109415.000000
850069013.000000
296367109.000000
1542424181.000000
1249920365.000000
1542419649.000000
850105989.000000
1542419815.000000
850079917.000000
203406699.000000
296364713.000000
296347085.000000
850070881.000000
850064381.000000
203420357.000000
203445791.000000
1542423933.000000
1542428989.000000
203519551.000000
850092861.000000
1542423863.000000
296358395.000000
850106077.000000
296358733.000000
850055411.000000
1542325151.000000
850102723.000000
296331581.000000
296335279.000000
296362963.000000
850055425.000000
203446131.000000
850065207.000000
850107827.000000
850105661.000000
850052611.000000
203407909.000000
850056451.000000
850091137.000000
850055359.000000
1542423073.000000
850070379.000000
296335921.000000
850070275.000000
850070053.000000
203406749.000000
203418705.000000
203416503.000000
1542426135.000000
296332399.000000
850068511.000000
203420557.000000
203429059.000000
296337455.000000
1542421003.000000
296355783.000000
850068739.000000
296368585.000000
850114009.000000
850041485.000000
1542427083.000000
1542420541.000000
296358249.000000
296362891.000000
850064983.000000
203443377.000000
850045857.000000
850052041.000000
296346563.000000
1542420677.000000
850096099.000000
296333813.000000
203429463.000000
850068801.000000
1542421775.000000
296368661.000000
203497879.000000
850043935.000000
850069015.000000
850080003.000000
203428991.000000
203416335.000000
850095509.000000
850093175.000000
850055487.000000
203412593.000000
296329371.000000
850042141.000000
203447489.000000
296367049.000000
850101565.000000
1542325203.000000
1542325099.000000
850042767.000000
203415993.000000
850053397.000000
850067129.000000
296334607.000000
296367403.000000
850108405.000000
296346589.000000
1542435265.000000
850064313.000000
296351857.000000
850043785.000000
850078431.000000
203408403.000000
850111269.000000
203417119.000000
850091045.000000
203414211.000000
850066207.000000
850055073.000000
850066355.000000
850101497.000000
850070425.000000
296360531.000000
296346763.000000
850091403.000000
203442925.000000
850065259.000000
850067283.000000
1542420867.000000
850105899.000000
1542434511.000000
1249903395.000000
203428229.000000
850041347.000000
203417531.000000
203411089.000000
296344459.000000
296330671.000000
296361939.000000
850068255.000000
203414181.000000
296358611.000000
203442605.000000
1542421441.000000
296332411.000000
296369145.000000
850105651.000000
296366191.000000
296359149.000000
1542368947.000000
203416065.000000
850099219.000000
850068957.000000
296368655.000000
203417869.000000
203429235.000000
203409079.000000
203416837.000000
296359189.000000
850064499.000000
203408697.000000
203447425.000000
850053489.000000
296365189.000000
1542426059.000000
850064285.000000
850106861.000000
203431021.000000
203433491.000000
850113867.000000
296335061.000000
1542422395.000000
203414157.000000
1542424095.000000
850092693.000000
1542423431.000000
296360479.000000
850109691.000000
850093119.000000
850101361.000000
850066769.000000
850041631.000000
850105515.000000
203443761.000000
850046227.000000
1542422477.000000
203443489.000000
296359083.000000
296346847.000000
850109701.000000
850078475.000000
296349077.000000
850108319.000000
203432717.000000
296357935.000000
1250078407.000000
1542420239.000000
850055309.000000
850099543.000000
203442417.000000
296360255.000000
850041449.000000
1542419613.000000
850101013.000000
850107485.000000
1851036839.000000
203407425.000000
296363571.000000
1542424533.000000
203427939.000000
850105737.000000
296362125.000000
203497765.000000
296361777.000000
296345237.000000
1542424621.000000
1542424667.000000
850111251.000000
296346175.000000
203425137.000000
203414171.000000
296369423.000000
850064729.000000
203426739.000000
1542428833.000000
203443911.000000
850042207.000000
296368307.000000
203406977.000000
203449913.000000
850068661.000000
1542433977.000000
1542419419.000000
296365359.000000
203417187.000000
850099201.000000
296362979.000000
850106735.000000
850093061.000000
850099663.000000
1542422275.000000
850065581.000000
296358343.000000
850093737.000000
850063941.000000
296357685.000000
203409561.000000
850099123.000000
850056463.000000
296344651.000000
296352443.000000
1542426155.000000
2744637307.000000
203409349.000000
1249920569.000000
1542419319.000000
1249903377.000000
296362905.000000
1542422127.000000
850055277.000000
850106387.000000
296365211.000000
1542422893.000000
1542420907.000000
203420349.000000
1542420597.000000
203420365.000000
296329601.000000
203445635.000000
203418383.000000
203441795.000000
203440035.000000
203418039.000000
203443585.000000
296349061.000000
850100055.000000
1542425729.000000
850101263.000000
296355417.000000
296334679.000000
850100223.000000
1542422867.000000
203425155.000000
850104041.000000
296351573.000000
850091771.000000
203442385.000000
203414243.000000
850101455.000000
850065103.000000
203443167.000000
203418323.000000
1542421145.000000
203440075.000000
296347159.000000
850103315.000000
296345269.000000
1542434495.000000
296358253.000000
296360003.000000
850043339.000000
850093623.000000
1542423603.000000
203413079.000000
850093793.000000
1542417795.000000
850042077.000000
850092799.000000
203407027.000000
203414271.000000
850106047.000000
850102465.000000
203417643.000000
296360407.000000
850104405.000000
296325965.000000
296358699.000000
850112405.000000
649389863.000000
850046201.000000
1542422367.000000
296358191.000000
203448133.000000
1542424035.000000
850111701.000000
203440293.000000
296325927.000000
203408671.000000
850043869.000000
850078565.000000
850047781.000000
296335055.000000
850072379.000000
203431591.000000
203414167.000000
296359793.000000
296333133.000000
203417285.000000
296357713.000000
296359629.000000
296368839.000000
850055241.000000
1542348183.000000
296332849.000000
203417793.000000
296358075.000000
203433485.000000
850067557.000000
296362069.000000
296364973.000000
850066285.000000
296345817.000000
850056833.000000
850092955.000000
1542433893.000000
850092511.000000
203443435.000000
296357995.000000
203431665.000000
203439973.000000
850042817.000000
296325967.000000
850105249.000000
850067969.000000
850042259.000000
203414421.000000
296351629.000000
203412619.000000
296359453.000000
296360201.000000
3128997081.000000
296366281.000000
850112435.000000
203445197.000000
296333175.000000
203449911.000000
296330445.000000
203445205.000000
296364301.000000
203431587.000000
203409767.000000
850072357.000000
296332387.000000
1542410907.000000
850070255.000000
850041497.000000
850103873.000000
850066591.000000
850091291.000000
296336101.000000
203415683.000000
296334609.000000
850069869.000000
296358283.000000
203407605.000000
850069933.000000
850055071.000000
850065751.000000
850096201.000000
296362351.000000
203443101.000000
850105439.000000
1542325185.000000
296352133.000000
850042669.000000
850099145.000000
81809781.000000
850104825.000000
203412271.000000
850054241.000000
296364927.000000
1542424113.000000
1542421777.000000
296335017.000000
296368739.000000
203445129.000000
1542422739.000000
850070941.000000
850101277.000000
1542421101.000000
850093113.000000
850070139.000000
1542422171.000000
850112029.000000
203407591.000000
1249920875.000000
850065909.000000
203446525.000000
296359891.000000
850101911.000000
296367351.000000
296361853.000000
850100731.000000
296359047.000000
850093725.000000
850072375.000000
203420719.000000
1542421435.000000
296367537.000000
296330479.000000
1542420223.000000
1542356405.000000
850062799.000000
850042633.000000
203426469.000000
203445637.000000
296361713.000000
850071209.000000
850078775.000000
1542422153.000000
850045377.000000
850108299.000000
1542435263.000000
3572896787.000000
1542429067.000000
203447763.000000
203424951.000000
1851036919.000000
203445357.000000
203416627.000000
296367053.000000
1542424989.000000
296331603.000000
203407573.000000
1542424541.000000
203442515.000000
850054735.000000
850114419.000000
203440321.000000
850093873.000000
850041725.000000
850113757.000000
203416417.000000
296363195.000000
850096173.000000
296335617.000000
296365149.000000
296362527.000000
296332969.000000
203420825.000000
850063973.000000
296369877.000000
203431425.000000
1542425019.000000
1542399525.000000
850091169.000000
850043871.000000
850105671.000000
649494457.000000
850062673.000000
296358511.000000
1542423325.000000
850052251.000000
1542421497.000000
296335741.000000
1542422313.000000
850114229.000000
203408433.000000
296357933.000000
296361663.000000
1542422587.000000
1542370571.000000
296361283.000000
1250079041.000000
2744631183.000000
850105087.000000
850078715.000000
850052285.000000
203431225.000000
203419001.000000
850047447.000000
203456765.000000
1542434691.000000
296356539.000000
1542369173.000000
1542420253.000000
1542419093.000000
850101035.000000
850041451.000000
296342773.000000
850067421.000000
203431009.000000
850102529.000000
850065385.000000
1542421615.000000
203408997.000000
850064075.000000
203444329.000000
850099111.000000
1542419679.000000
850056481.000000
850091441.000000
1542419085.000000
296342755.000000
850064351.000000
850111947.000000
850114067.000000
850045773.000000
850068035.000000
850064493.000000
1542324821.000000
296364075.000000
203418041.000000
203445203.000000
850064941.000000
850117509.000000
1542424387.000000
850053497.000000
296343971.000000
850068311.000000
203419111.000000
850078429.000000
296346733.000000
203442651.000000
850066489.000000
850072359.000000
1542435319.000000
850047777.000000
1542419501.000000
203431423.000000
296355575.000000
203429701.000000
850046263.000000
203431819.000000
850099487.000000
850105751.000000
203428205.000000
1542426857.000000
850053137.000000
1542426511.000000
296357631.000000
850063985.000000
1542435269.000000
850069871.000000
1542410941.000000
850068211.000000
203441255.000000
850047629.000000
1542417987.000000
203408991.000000
850047661.000000
850092499.000000
203408143.000000
850079975.000000
296334163.000000
850070471.000000
850096063.000000
203409887.000000
850064007.000000
203408147.000000
296335045.000000
203431603.000000
850091349.000000
296333801.000000
296369263.000000
203444067.000000
203440297.000000
296342713.000000
1542419637.000000
203416375.000000
850072135.000000
203446297.000000
649363165.000000
850068129.000000
850055193.000000
203519905.000000
850042203.000000
850052039.000000
203445489.000000
296357199.000000
2451103943.000000
850100061.000000
203444131.000000
296358859.000000
296366897.000000
203497929.000000
296337483.000000
203409899.000000
296366803.000000
850066525.000000
850095309.000000
296345341.000000
850091057.000000
203497693.000000
203417565.000000
203449709.000000
1542419503.000000
850104197.000000
850106801.000000
850070893.000000
1249920273.000000
203456821.000000
850057705.000000
203412979.000000
203431695.000000
850045799.000000
1542423527.000000
1542420985.000000
296359583.000000
850065755.000000
296334079.000000
296349083.000000
203443003.000000
850042947.000000
850092447.000000
850064881.000000
203444239.000000
850093057.000000
1542420831.000000
296337389.000000
850041581.000000
296367363.000000
850064207.000000
1542359887.000000
850065757.000000
296367125.000000
203446531.000000
1542419841.000000
203497995.000000
1542419301.000000
850043307.000000
850067911.000000
850102143.000000
203429263.000000
296352171.000000
203524381.000000
1542423587.000000
850102243.000000
296334159.000000
296333313.000000
850105129.000000
850099279.000000
850105921.000000
203419043.000000
296334121.000000
203445487.000000
203418261.000000
296329303.000000
203497909.000000
850105429.000000
203443659.000000
203408305.000000
203428751.000000
850065915.000000
1542425773.000000
296368599.000000
1542422125.000000
2744637109.000000
1250078975.000000
296357953.000000
850091297.000000
296335465.000000
296363113.000000
850055483.000000
296335975.000000
1542428991.000000
296369559.000000
203408585.000000
850100995.000000
1542420621.000000
296334839.000000
296358703.000000
296352051.000000
1542423349.000000
1542399311.000000
296334551.000000
850100341.000000
1542423937.000000
203416167.000000
850066303.000000
850102389.000000
296334257.000000
203431029.000000
203412481.000000
850069549.000000
850108471.000000
203412335.000000
1542434689.000000
203438705.000000
850072143.000000
296365235.000000
850055237.000000
296359533.000000
850069253.000000
850041523.000000
296358233.000000
850069379.000000
296361935.000000
850105725.000000
1542417841.000000
1542419837.000000
296365213.000000
203407955.000000
850108215.000000
203409347.000000
850068719.000000
296366307.000000
203449713.000000
296331017.000000
850106441.000000
296352219.000000
203418997.000000
850101427.000000
1542417613.000000
850114237.000000
296342719.000000
2974633167.000000
296357117.000000
850112295.000000
850103253.000000
203416239.000000
296359097.000000
296329425.000000
296328105.000000
203417393.000000
850062607.000000
850064693.000000
1250078769.000000
203417035.000000
1542417953.000000
203412687.000000
203433245.000000
296366493.000000
296361787.000000
1542424911.000000
1542422179.000000
850114079.000000
850100841.000000
850100505.000000
203418071.000000
203430145.000000
850068707.000000
203416613.000000
296346909.000000
850106145.000000
850064143.000000
850078215.000000
296365301.000000
296355583.000000
296335557.000000
203441107.000000
1542325465.000000
203413321.000000
850100035.000000
203524399.000000
296358987.000000
203418617.000000
203429211.000000
1542356251.000000
850107217.000000
203429671.000000
850107475.000000
850064727.000000
850042725.000000
850041511.000000
203410981.000000
203407081.000000
850099017.000000
850107357.000000
296352179.000000
850062899.000000
850067787.000000
203416779.000000
296367319.000000
1542423497.000000
296359183.000000
850041213.000000
203417223.000000
296335987.000000
1542426599.000000
203446011.000000
296333241.000000
203418839.000000
850055347.000000
1542417945.000000
296369911.000000
850070735.000000
203429257.000000
850069075.000000
203417821.000000
850069923.000000
296332965.000000
296359027.000000
850099347.000000
296365061.000000
850095427.000000
850100621.000000
850065851.000000
296347075.000000
296356941.000000
203412691.000000
203412865.000000
1542421311.000000
203447691.000000
296334509.000000
1542433949.000000
296365339.000000
203407469.000000
850106537.000000
850100847.000000
296366331.000000
203448107.000000
649476971.000000
296335885.000000
203417055.000000
850072139.000000
850055195.000000
850101115.000000
1542434545.000000
296359131.000000
850067543.000000
850103935.000000
203445661.000000
850100057.000000
1542399287.000000
296369117.000000
203425511.000000
850065131.000000
850103589.000000
203423963.000000
296332475.000000
296345037.000000
203498265.000000
203444141.000000
296345027.000000
850070983.000000
1542423935.000000
203417627.000000
